0 0.114111 0.300742 0.0134505 0.0196396
0 0.114171 0.301355 0.02076 0.0303907
0 0.109433 0.296084 0.0257538 0.0320683
0 0.671755 0.930089 0.00662492 0.019151
0 0.109091 0.289736 0.104444 0.221394
0 0.108214 0.305179 0.0283149 0.0364609
0 0.110831 0.318439 0.0825965 0.17505
0 0.754525 0.801683 0.207187 0.396634
0 0.108194 0.301692 0.216387 0.603384
0 0.756771 0.883802 0.108558 0.149561
0 0.109328 0.308824 0.0676334 0.0876233
0 0.726753 0.754681 0.546493 0.490639
0 0.179333 0.323124 0.358666 0.646249
0 0.119954 0.306724 0.0124392 0.019598
0 0.14368 0.323195 0.225864 0.646391
0 0.116321 0.312408 0.0105778 0.0344155
0 0.410103 0.000129861 0.0882238 0.000259721
0 0.230361 0.686759 0.0231227 0.0292165
0 0.114235 0.290003 0.0138185 0.0213466
0 0.434947 0.00177844 0.0948507 0.00355687
