0 0.276886 0.0747684 0.021086 0.0191583
0 0.345108 0.513355 0.0207782 0.0178798
0 0.706851 0.56858 0.0270916 0.0278107
0 0.29617 0.862804 0.0232376 0.0200476
0 0.549908 0.444419 0.0178633 0.0178492
0 0.0204972 0.479174 0.0229845 0.0197902
0 0.346707 0.514023 0.0311144 0.0218969
0 0.342391 0.513466 0.0161786 0.0137873
0 0.551179 0.44369 0.0225523 0.0259974
0 0.29799 0.862854 0.0247729 0.0311927
0 0.276132 0.0703072 0.019019 0.0191523
0 0.344666 0.508407 0.0200533 0.0208721
0 0.278363 0.0757058 0.0219464 0.0300943
0 0.29231 0.86003 0.0161763 0.0158977
0 0.0215267 0.478534 0.0244785 0.0321104
0 0.292338 0.859055 0.0156761 0.0267649
0 0.345304 0.511525 0.0243509 0.0310322
0 0.275235 0.0700685 0.0154008 0.0346653
0 0.708053 0.562746 0.0884272 0.185629
0 0.713652 0.566461 0.0244107 0.0338848
0 0.0173456 0.475634 0.0184414 0.0281734
0 0.281475 0.0775205 0.0196869 0.0165452
0 0.275002 0.0692261 0.0250673 0.0277749
0 0.282774 0.0932094 0.0947867 0.186419
0 0.354985 0.524497 0.0829867 0.178715
0 0.287893 0.85258 0.0894295 0.194198
0 0.556722 0.451844 0.0947457 0.19959
0 0.695647 0.528563 0.2319 0.583105
0 0.547095 0.436466 0.0246243 0.0273274
0 0.694806 0.524895 0.507874 0.659048
0 0.705175 0.567159 0.0620435 0.0723674
0 0.29598 0.751641 0.510303 0.496717
0 0.025789 0.481748 0.0515781 0.155191
0 0.29477 0.758813 0.230328 0.482373
0 0.282013 0.0719353 0.0202066 0.015435
0 0.290284 0.878714 0.0642878 0.132236
0 0.295981 0.854763 0.0620545 0.0731453
0 0.267909 0.081463 0.0682094 0.162926
0 0.304648 0.882106 0.0672836 0.146443
0 0.345988 0.520405 0.0270351 0.0326969
0 0.35021 0.510545 0.0233918 0.0360343
0 0.343015 0.520953 0.228297 0.611019
0 0.340213 0.516805 0.0585237 0.0716412
0 0.34994 0.531077 0.516162 0.626911
0 0.0181763 0.483881 0.0273462 0.034408
0 0.29553 0.855087 0.0249119 0.0210598
0 0.542812 0.447359 0.229538 0.595478
0 0.341225 0.512744 0.0135824 0.0298359
0 0.545595 0.445779 0.0609679 0.0713729
0 0.548181 0.456304 0.519454 0.626293
0 0.713921 0.571515 0.0331148 0.0296358
0 0.293056 0.19493 0.218574 0.38986
0 0.274219 0.0761538 0.0557563 0.0681048
0 0.71371 0.575621 0.0551075 0.0655788
0 0.340978 0.512573 0.021356 0.0216785
0 0.341639 0.481492 0.0654945 0.0752285
0 0.300982 0.207072 0.533419 0.414144
0 0.740727 0.588537 0.213142 0.609671
0 0.293941 0.854599 0.0184794 0.0389641
0 0.547438 0.447939 0.0245108 0.0331519
0 0.244004 0.170226 0.244976 0.340452
0 0.336699 0.494081 0.0803518 0.177819
0 0.0798313 0.447566 0.159663 0.669211
0 0.162328 0.459583 0.324656 0.658106
0 0.0178548 0.471707 0.0242662 0.0254818
0 0.0250647 0.496802 0.0501294 0.068177
0 0.54486 0.406968 0.0680643 0.074487
0 0.0261011 0.471627 0.0522023 0.078475
0 0.698589 0.580432 0.0568271 0.135776
0 0.720385 0.546827 0.0630738 0.078919
0 0.352776 0.522138 0.0252908 0.0413501
0 0.55661 0.444862 0.024126 0.0134309
0 0.299689 0.513063 0.0652904 0.0699753
0 0.0243529 0.472799 0.0299381 0.0317406
0 0.289241 0.51567 0.236905 0.573819
0 0.018268 0.470994 0.0169909 0.0445999
0 0.317208 0.869563 0.0614803 0.0689375
0 0.369333 0.51809 0.0640791 0.0736338
0 0.56597 0.442154 0.0622848 0.069818
0 0.0249151 0.484555 0.0292358 0.0331206
0 0.3404 0.782726 0.224354 0.434547
0 0.248187 0.815975 0.0717049 0.0723904
0 0.544797 0.434823 0.0160766 0.0203921
0 0.331059 0.512276 0.0337908 0.0343925
0 0.28545 0.0747312 0.0234581 0.018146
0 0.551574 0.434981 0.0228161 0.0203848
0 0.710498 0.562271 0.0222944 0.0175211
0 0.23763 0.758317 0.241138 0.483365
0 0.557642 0.438328 0.0243646 0.0137714
0 0.541128 0.438644 0.0105215 0.0154164
0 0.272813 0.0837461 0.0289314 0.0392283
0 0.559355 0.441762 0.0305396 0.0180285
0 0.330355 0.823106 0.0768694 0.087262
0 0.350733 0.506742 0.0234597 0.0167352
