0 0.967287 0.246511 0.0180681 0.0196419
0 0.191114 0.0659356 0.020789 0.0231973
0 0.968995 0.248066 0.0233201 0.0308154
0 0.194457 0.061555 0.0182197 0.0193439
0 0.966639 0.240017 0.0158415 0.0251048
0 0.190547 0.0634041 0.0225917 0.0356032
0 0.186803 0.0866666 0.0903015 0.173333
0 0.964847 0.246752 0.0155141 0.0147013
0 0.956244 0.236689 0.0875121 0.229794
0 0.962337 0.266328 0.0670545 0.156437
0 0.964858 0.245702 0.0124145 0.0281305
0 0.956361 0.259155 0.0649325 0.0845286
0 0.19207 0.0756249 0.015066 0.0381386
0 0.184644 0.0807857 0.0582402 0.0764435
0 0.909937 0.28919 0.180127 0.578379
0 0.191083 0.220523 0.21858 0.441046
0 0.960403 0.232809 0.0683871 0.0888376
0 0.837859 0.309922 0.324282 0.619844
0 0.237348 0.230821 0.474697 0.461641
0 0.340082 0.218799 0.0241429 0.0625832
0 0.955556 0.237471 0.03178 0.0393662
0 0.972934 0.272648 0.0541328 0.141824
0 0.185356 0.0637149 0.0221671 0.0443387
0 0.938532 0.319849 0.122936 0.639697
0 0.340546 0.183692 0.0225063 0.0456946
0 0.190151 0.062064 0.0803647 0.115313
0 0.188698 0.0754773 0.017359 0.0435754
0 0.33854 0.201334 0.0263291 0.0702421
