0 0.144578 0.596273 0.02416 0.0274369
0 0.141867 0.595028 0.0172951 0.0225785
0 0.138386 0.590405 0.0774948 0.102038
0 0.145687 0.591516 0.228178 0.415904
0 0.144372 0.599301 0.0617206 0.0539381
0 0.204817 0.595774 0.409635 0.433103
0 0.150591 0.596297 0.0213624 0.0231327
0 0.153309 0.606013 0.0588273 0.0764054
0 0.148215 0.591551 0.024477 0.020401
0 0.0409892 0.50362 0.00879626 0.0156401
0 0.141225 0.615246 0.0603193 0.0454925
0 0.131249 0.587574 0.0309651 0.0291239
0 0.166156 0.591621 0.0649918 0.0535219
0 0.109332 0.588363 0.218664 0.355841
0 0.143591 0.582467 0.0249254 0.0371151
0 0.11501 0.593839 0.0741212 0.05809
