0 0.411638 0.184356 0.0153896 0.0142816
0 0.411673 0.184225 0.0231517 0.0187878
0 0.410684 0.180766 0.0182752 0.0182796
0 0.579252 0.230658 0.010125 0.0124342
0 0.404274 0.188094 0.0912013 0.117515
0 0.850963 0.3042 0.013187 0.0112487
0 0.407579 0.18476 0.0151927 0.0102679
0 0.414008 0.185776 0.0148385 0.0117215
0 0.416487 0.184226 0.0192231 0.015201
0 0.580145 0.230943 0.0170631 0.0184167
0 0.406937 0.18427 0.0159959 0.0161699
0 0.77071 0.348005 0.00899513 0.0125717
0 0.408222 0.188346 0.0259069 0.0253066
0 0.584269 0.23054 0.0181583 0.0126136
0 0.766234 0.340006 0.0234546 0.0318167
0 0.397856 0.187494 0.0803441 0.0561923
0 0.38366 0.194547 0.279481 0.389094
0 0.399428 0.183256 0.035263 0.0245247
0 0.387776 0.197889 0.577092 0.395778
0 1 0.984516 0 0.0309672
0 0.853883 0.308402 0.0219911 0.0119758
0 1 0.999905 0 0.000190886
