0 0.46108 0.460043 0.0428494 0.0189804
0 0.459058 0.461736 0.0416258 0.0301561
0 0.46943 0.460674 0.0667897 0.0373095
0 0.453703 0.458464 0.0318771 0.0168622
0 0.541749 0.46242 0.0890325 0.0333284
0 0.542351 0.457671 0.0853006 0.0175016
0 0.453481 0.454941 0.0268447 0.0332897
0 0.517026 0.460893 0.110985 0.0322375
0 0.488841 0.475789 0.0723978 0.0783942
0 0.500385 0.459796 0.5341 0.668196
0 0.49505 0.45244 0.245411 0.561542
0 0.461718 0.454378 0.0769627 0.15144
0 0.453679 0.472748 0.0625646 0.0742305
0 0.458672 0.453935 0.0522691 0.0157533
0 0.461868 0.478061 0.0563676 0.119277
0 0.473872 0.46007 0.0457206 0.00918593
0 0.529678 0.478292 0.084851 0.0886956
0 0.55663 0.462687 0.0874392 0.0433458
0 0.452549 0.461362 0.0253294 0.0160809
0 0.458152 0.469386 0.0330229 0.0360536
0 0.540432 0.455862 0.0705031 0.0292376
0 0.543047 0.457185 0.0730126 0.0487274
0 0.475081 0.463988 0.0492744 0.0149313
0 0.457644 0.453865 0.0365312 0.0194997
0 0.507275 0.460511 0.0632553 0.0212725
0 0.45767 0.453518 0.0357361 0.0466033
0 0.538959 0.455404 0.0638717 0.17571
0 0.538102 0.476751 0.0474806 0.130899
0 0.511222 0.479848 0.0432497 0.138801
0 0.538253 0.51466 0.242052 0.572105
0 0.479544 0.459601 0.0576176 0.155657
