0 0.734753 0.454989 0.0124036 0.0190497
0 0.73471 0.451885 0.0208925 0.0299904
0 0.739567 0.452722 0.0182714 0.0353837
0 0.73688 0.451087 0.0158458 0.0184899
0 0.73603 0.450849 0.0101407 0.0285176
0 0.733891 0.448819 0.110219 0.227519
0 0.729494 0.453782 0.0114214 0.0199188
0 0.730263 0.459246 0.0280557 0.0362297
0 0.734345 0.472907 0.0737248 0.148753
0 0.743617 0.444762 0.221671 0.687533
0 0.693434 0.442977 0.251217 0.554697
0 0.709713 0.451395 0.0592441 0.0731393
0 0.746018 0.456083 0.507963 0.690027
0 0.731865 0.457902 0.0586262 0.0799868
0 0.744255 0.459549 0.0229492 0.042981
0 0.734794 0.495171 0.0610382 0.0697273
0 0.729099 0.446863 0.0223271 0.0316671
