0 0.470215 0.232626 0.0143638 0.016347
0 0.469935 0.228145 0.0135448 0.0186673
0 0.46752 0.231566 0.0118891 0.0137008
0 0.552618 0.506145 0.0124822 0.0131192
0 0.470917 0.233134 0.0220581 0.0275163
0 0.552619 0.50671 0.0133369 0.0228963
0 0.674105 0.596102 0.0131039 0.0159363
0 0.672596 0.749978 0.0110522 0.0380394
0 0.46135 0.224118 0.100602 0.229746
0 0.674445 0.594642 0.0126783 0.0293616
0 0.463937 0.250213 0.0679464 0.151686
0 0.551703 0.502072 0.0221729 0.0317915
0 0.445262 0.252809 0.244353 0.505618
0 0.678501 0.596721 0.0182656 0.0197089
0 0.463168 0.238167 0.0670792 0.0802633
0 0.446038 0.278282 0.543303 0.556565
0 0.67283 0.742734 0.021209 0.0500836
0 0.67594 0.593389 0.0223962 0.0333503
0 0.457549 0.22305 0.0300366 0.0341867
0 0.479521 0.257612 0.0677581 0.141487
0 0.493017 0.274324 0.221647 0.548647
0 0.557727 0.48649 0.0266316 0.0459417
0 0.387625 0.428585 0.0131264 0.0149985
0 0.551375 0.512608 0.0102078 0.0284437
0 0.465433 0.232246 0.0110159 0.0240235
0 0.675332 0.760104 0.00681772 0.0303253
0 0.543574 0.446471 0.249452 0.620132
