0 0.526261 0.550903 0.062585 0.0456871
0 0.527987 0.541244 0.0498878 0.0395148
0 0.525356 0.551918 0.0519776 0.0693175
0 0.500181 0.524161 0.530629 0.628416
0 0.498937 0.532765 0.256949 0.427361
0 0.549767 0.527935 0.222152 0.5412
0 0.534656 0.549502 0.0508552 0.028403
0 0.529866 0.551496 0.0618159 0.103334
0 0.509658 0.557227 0.0611869 0.060973
0 0.540338 0.546861 0.0371978 0.0457119
0 0.293923 0.727455 0.26475 0.519958
0 0.41303 0.92549 0.014006 0.0167422
0 0.303018 0.727358 0.0842527 0.0876522
0 0.301511 0.731946 0.472984 0.483755
0 0.520389 0.530353 0.0579582 0.140549
0 0.529437 0.560072 0.0287775 0.0362965
0 0.527537 0.558151 0.035866 0.0534372
0 0.800769 0.647147 0.270371 0.268649
0 0.304826 0.758454 0.0797582 0.0740734
0 0.71571 0.683307 0.56858 0.49242
0 0.792528 0.664037 0.329695 0.620791
0 0.264354 0.717014 0.101001 0.106097
0 0.892664 0.522192 0.0718219 0.0515317
0 0.890767 0.521265 0.0495146 0.078896
0 0.514624 0.536911 0.047864 0.0326116
0 0.136112 0.393855 0.0412037 0.0453267
0 0.514472 0.535026 0.0355431 0.052575
