0 0.758326 0.830541 0.0162759 0.0194164
0 0.758428 0.825692 0.0149547 0.0194148
0 0.758942 0.830128 0.0218841 0.0255362
0 0.762868 0.830412 0.0195348 0.0323698
0 0.758724 0.838553 0.0943774 0.182376
0 0.753492 0.828783 0.010285 0.0195498
0 0.744426 0.769022 0.232784 0.461955
0 0.741373 0.744922 0.517254 0.510155
0 0.757165 0.83236 0.0609807 0.0695154
0 0.753387 0.826171 0.0131158 0.0256913
0 0.753201 0.822924 0.0210626 0.0263727
0 0.258544 0.816026 0.517089 0.367948
0 0.758014 0.836878 0.0221596 0.0328681
0 0.749171 0.841583 0.0630062 0.0611648
0 0.791749 0.735708 0.223569 0.528584
0 0.54586 0.837821 0.574284 0.324358
0 0.396394 0.834409 0.587568 0.331182
0 0.76899 0.823493 0.063799 0.0704497
0 0.1943 0.887148 0.274844 0.225705
0 0.771967 0.848732 0.0611704 0.188769
0 0.342823 0.874164 0.272128 0.251671
0 0.540307 0.87053 0.278579 0.258939
0 0.187728 0.969322 0.189975 0.061357
0 0.539029 0.980695 0.143568 0.0386093
0 0.440644 0.867903 0.270096 0.264195
