0 0.885338 0.900374 0.0144796 0.032001
0 0.203513 0.214931 0.0584737 0.0496761
0 0.210891 0.198971 0.0931388 0.0210932
0 0.204052 0.225334 0.0721974 0.0431535
0 0.212508 0.209839 0.0923737 0.0193852
0 0.198294 0.21454 0.0155764 0.0401735
0 0.884596 0.89871 0.0235815 0.0353056
0 0.883846 0.902376 0.0959998 0.195248
0 0.191021 0.212669 0.0142447 0.0338179
0 0.204599 0.217364 0.0628257 0.114278
0 0.186854 0.213069 0.0483148 0.0325965
0 0.244457 0.2598 0.219252 0.519601
0 0.209094 0.205688 0.0724307 0.0454736
0 0.259273 0.275327 0.518547 0.550653
0 0.189547 0.196408 0.0761321 0.0101352
0 0.882092 0.889171 0.0168502 0.0256919
0 0.309969 0.333023 0.0316393 0.0388647
0 0.200469 0.225103 0.0215036 0.036963
0 0.197578 0.235382 0.0694732 0.0473672
0 0.208923 0.191533 0.109874 0.0399733
0 0.891484 0.910341 0.0107596 0.0297468
0 0.88118 0.888582 0.00957466 0.0444244
0 0.888888 0.794716 0.222225 0.410568
0 0.882904 0.909792 0.0799141 0.0996325
0 0.199162 0.236137 0.0527739 0.105271
0 0.820836 0.792715 0.358329 0.41457
0 0.310514 0.335661 0.0341118 0.0610404
0 0.192982 0.221997 0.0180807 0.0359804
0 0.208535 0.186961 0.0563673 0.167109
0 0.183363 0.224766 0.0550139 0.0282604
0 0.203055 0.217588 0.156092 0.198503
0 0.195194 0.258305 0.0824981 0.100424
0 0.313692 0.335447 0.027797 0.0255105
0 0.882972 0.916478 0.0456642 0.0986867
