0 0.166883 0.0576364 0.0416784 0.0204542
0 0.685206 0.51986 0.0125617 0.0109071
0 0.176631 0.0580973 0.0195073 0.0116797
0 0.176588 0.0577084 0.0202175 0.0190825
0 0.363611 0.503474 0.0161353 0.0168779
0 0.685821 0.520673 0.012009 0.0175951
0 0.479145 0.990999 0.00952218 0.00948007
0 0.183935 0.0599303 0.0151958 0.0116893
0 0.765275 0.518929 0.0252409 0.0184109
0 0.602021 0.426434 0.0127497 0.027881
0 0.687703 0.520861 0.0155946 0.0108325
0 0.476581 0.99159 0.00732223 0.0108383
0 0.363962 0.504781 0.0176238 0.0268933
0 0.621905 0.981912 0.0152648 0.0130341
0 0.164874 0.0617498 0.0743893 0.1235
0 0.164358 0.0551027 0.0501767 0.03345
0 0.817883 0.990531 0.0170473 0.0084286
0 0.815616 0.992399 0.0149421 0.0102598
0 0.622622 0.986869 0.0216527 0.0171952
0 0.472647 0.983411 0.011014 0.0113291
0 0.601486 0.42851 0.0187689 0.0354969
0 0.185304 0.0569411 0.0130068 0.0162374
0 0.665384 0.991206 0.00865663 0.0115095
0 0.47957 0.990421 0.0097942 0.0147758
0 0.43817 0.504657 0.0362192 0.0178119
0 0.438593 0.506555 0.0335255 0.0332769
0 0.673996 0.65162 0.00935359 0.019463
0 0.76758 0.520386 0.0269612 0.0277873
0 0.605182 0.428539 0.0188977 0.0277218
0 0.621411 0.982132 0.0135683 0.0267818
0 0.471498 0.982661 0.0117531 0.0258999
0 0.144606 0.138804 0.235065 0.277607
0 0.206577 0.172753 0.413153 0.345505
0 0.161622 0.0631795 0.079573 0.0757756
0 0.482643 0.989956 0.0110233 0.0115582
0 0.625798 0.98247 0.0203898 0.0211733
0 0.66305 0.992808 0.00895524 0.0118608
0 0.0996043 0.438471 0.016959 0.0161652
0 0.474089 0.99015 0.0115878 0.0102599
0 0.468842 0.977334 0.0261033 0.0310401
0 0.816424 0.989 0.0155757 0.0182017
0 0.861718 0.987361 0.0397106 0.0252783
0 0.675903 0.655501 0.0257622 0.0226974
0 0.685806 0.520979 0.0219795 0.0271519
0 0.631394 0.98534 0.0280137 0.0282454
0 0.365643 0.50715 0.0225346 0.0377932
0 0.538555 0.507791 0.0167503 0.0163155
0 0.673524 0.651464 0.00518424 0.0204983
0 0.50995 0.0909776 0.0174931 0.0143823
0 0.820808 0.989522 0.0244611 0.0141736
0 0.599581 0.423919 0.0104104 0.025613
0 0.473979 0.981958 0.0201438 0.0360841
0 0.844501 0.986944 0.0456359 0.0261123
0 0.173599 0.0669783 0.0604843 0.057803
0 0.624689 0.982971 0.0241076 0.0340587
0 0.0333779 1 0.0667557 0
0 0.476104 0.990358 0.00952458 0.0180067
0 0.68245 0.650601 0.0270949 0.0126956
0 0.194531 0.149731 0.221192 0.299461
0 0.0634616 0.112801 0.0110331 0.00895519
0 0.605483 0.424023 0.0226497 0.020717
