0 0.485748 0.476524 0.028069 0.0168821
0 0.485101 0.476514 0.0287649 0.0298645
0 0.480319 0.476267 0.0189759 0.0137019
0 0.480412 0.47317 0.0196589 0.0238896
0 0.486533 0.484768 0.0829704 0.168925
0 0.488772 0.471031 0.0223209 0.019359
0 0.463843 0.468634 0.0575099 0.0712294
0 0.481376 0.49914 0.0561446 0.0679816
0 0.445381 0.448226 0.269035 0.510858
0 0.494982 0.448035 0.220987 0.649356
0 0.498013 0.457949 0.53262 0.669557
0 0.494446 0.478259 0.0232749 0.0182208
0 0.482336 0.476113 0.0581415 0.0760717
0 0.486706 0.482918 0.0293513 0.0302395
0 0.495049 0.469147 0.0178876 0.0162456
0 0.481287 0.46591 0.034257 0.0294336
0 0.725647 0.141771 0.548706 0.283543
0 0.479167 0.475524 0.0150362 0.035248
0 0.536612 0.453692 0.0746799 0.0873093
0 0.354517 0.14326 0.658802 0.28652
0 0.765797 0.512308 0.0207343 0.038191
0 0.797015 0.0283715 0.13995 0.056743
