0 0.914362 0.132722 0.0149469 0.0276734
0 0.914251 0.130846 0.02119 0.0347483
0 0.915962 0.138782 0.0144978 0.0322183
0 0.910333 0.138937 0.00900632 0.0214156
0 0.909988 0.133008 0.0986998 0.2131
0 0.623073 0.137642 0.0476729 0.0481518
0 0.9136 0.12318 0.0234121 0.0357349
0 0.910511 0.138856 0.00991991 0.0324361
0 0.608 0.154553 0.0686268 0.0673688
0 0.617947 0.149957 0.0458037 0.116917
0 0.621851 0.150601 0.0553218 0.0624757
0 0.614391 0.140238 0.0519367 0.061679
0 0.911306 0.235407 0.177389 0.470813
0 0.906339 0.135186 0.0838761 0.105296
0 0.919456 0.137439 0.0187201 0.0239043
0 0.919817 0.132588 0.0623091 0.0831537
0 0.909844 0.147798 0.0548023 0.109645
0 0.60711 0.171204 0.106448 0.0857369
0 0.813808 0.227214 0.372384 0.454427
0 0.606284 0.219707 0.255146 0.439414
0 0.60418 0.218114 0.500305 0.436229
0 0.548418 0.144959 0.0438347 0.114562
0 0.598986 0.165505 0.134375 0.16301
0 0.540709 0.148147 0.0712782 0.0635131
0 0.61741 0.1465 0.0384127 0.0442515
