0 0.837148 0.853181 0.0116106 0.00902619
0 0.836907 0.851147 0.010216 0.00910775
0 0.837301 0.852435 0.0103 0.0154365
0 0.83974 0.852621 0.0179973 0.0116529
0 0.83499 0.84746 0.00804835 0.0123576
0 0.839726 0.851315 0.0209376 0.0256615
0 0.836317 0.846388 0.0144055 0.0117693
0 0.29445 0.450158 0.216282 0.571677
0 0.280513 0.451184 0.0620687 0.0777137
0 0.838159 0.847706 0.0205533 0.0168632
0 0.302476 0.462065 0.518309 0.563883
0 0.540168 0.270158 0.0379876 0.0414602
0 0.835188 0.846164 0.100877 0.176001
0 0.288861 0.424984 0.0294266 0.0525979
0 0.288384 0.442143 0.0422266 0.0693144
0 0.831118 0.842589 0.027617 0.0303153
0 0.24373 0.455238 0.260863 0.46447
0 0.540274 0.27207 0.0428422 0.0657994
0 0.270439 0.452404 0.0918936 0.102901
0 0.648651 0.864049 0.546647 0.271901
0 0.836972 0.847626 0.0121407 0.0304073
0 0.635809 0.98852 0.122639 0.0229593
0 0.836548 0.870309 0.0645939 0.133108
0 0.638672 0.871239 0.275596 0.257523
0 0.447445 0.845736 0.568694 0.308528
0 0.832048 0.856157 0.0626608 0.0675134
0 0.586847 0.9876 0.126333 0.0247995
0 0.839374 0.791 0.219148 0.418
0 0.685672 0.986159 0.125921 0.0276829
