0 0.0855171 0.664072 0.0245029 0.0270772
0 0.0835953 0.669158 0.0233087 0.0272917
0 0.755834 0.338144 0.0424032 0.0406679
0 0.0876525 0.665978 0.0888108 0.119029
0 0.0885779 0.113388 0.0121381 0.0092381
0 0.500451 0.0431647 0.0790485 0.0306777
0 0.102354 0.645742 0.204707 0.419616
0 0.0842769 0.65552 0.0223795 0.0216161
0 0.178204 0.644037 0.356407 0.455025
0 0.0842212 0.665562 0.0752183 0.0586563
0 0.0959801 0.663094 0.023473 0.0290314
0 0.091018 0.113017 0.0171395 0.00729749
0 0.0798946 0.654381 0.0302347 0.0262358
0 0.0991298 0.674113 0.0589525 0.0463934
0 0.0879834 0.114001 0.0129341 0.0174292
0 0.122603 0.684949 0.231165 0.414014
0 0.1001 0.656016 0.0649644 0.0530911
0 0.750559 0.335226 0.0835212 0.0915018
0 0.497246 0.0466695 0.0849709 0.0625189
0 0.540181 0.154406 0.0463994 0.0358445
0 0.494859 0.117751 0.273496 0.235502
0 0.491451 0.0491596 0.0723506 0.0983193
0 0.498982 0.125598 0.57104 0.251196
