0 0.236148 0.879708 0.0111346 0.013539
0 0.237747 0.879893 0.0186289 0.0277975
0 0.234359 0.885035 0.00699302 0.0240959
0 0.235547 0.879555 0.104973 0.212975
0 0.235152 0.876905 0.0273428 0.0347765
0 0.279713 0.184669 0.0289048 0.0750619
0 0.278792 0.188732 0.0181879 0.0571182
0 0.280964 0.257923 0.060937 0.0679129
0 0.280413 0.17794 0.026613 0.0467277
0 0.235275 0.866523 0.0224356 0.0473207
0 0.195273 0.134299 0.0697445 0.0618215
0 0.58914 0.714253 0.0812417 0.071754
0 0.589478 0.721816 0.0629238 0.101482
0 0.032533 0.701369 0.0263681 0.0388059
