0 0.612142 0.508906 0.0351465 0.0308283
0 0.145426 0.613177 0.0154798 0.0297457
0 0.148047 0.616251 0.0161757 0.0243546
0 0.144464 0.608328 0.0118453 0.0254903
0 0.148093 0.619851 0.0127262 0.0154099
0 0.605677 0.503738 0.0251375 0.0348286
0 0.598549 0.496642 0.235813 0.417177
0 0.600013 0.491776 0.520582 0.544889
0 0.614825 0.513937 0.0605758 0.0592872
0 0.719909 0.331184 0.0104341 0.013158
0 0.611679 0.514812 0.0766761 0.125963
0 0.720931 0.328694 0.00773904 0.0136056
0 0.136465 0.605462 0.0946081 0.160829
0 0.647511 0.489635 0.227272 0.498211
0 0.142128 0.60341 0.0104745 0.0178232
0 0.620331 0.502719 0.0235408 0.022884
0 0.619831 0.508549 0.0259222 0.0234973
0 0.616968 0.502037 0.0324585 0.0384656
0 0.142088 0.602852 0.00657122 0.0207698
0 0.720168 0.331498 0.00895053 0.0204963
0 0.139055 0.622997 0.0663657 0.0969347
0 0.72135 0.333917 0.0112256 0.0142082
0 0.154206 0.630076 0.0746747 0.11092
0 0.720238 0.343374 0.00958911 0.0338277
0 0.582606 0.18427 0.0585146 0.0404838
0 0.145376 0.59774 0.0180228 0.0425581
0 0.143798 0.596514 0.0227443 0.0299191
0 0.723255 0.335159 0.0218916 0.0386831
0 0.144552 0.605836 0.231524 0.50852
0 0.517603 0.895059 0.0845234 0.0708825
0 0.210422 0.612607 0.420843 0.493128
0 0.491073 0.853989 0.285065 0.292022
0 0.497068 0.853375 0.515342 0.293251
0 0.74114 0.48954 0.263864 0.478527
0 0.36976 0.953347 0.0171858 0.0297957
0 0.723114 0.331106 0.0104153 0.0138513
0 0.761271 0.496736 0.0780117 0.0700591
0 0.741442 0.494717 0.517115 0.499138
0 0.363044 0.943977 0.0383436 0.0502032
0 0.152584 0.626353 0.011747 0.0161225
0 0.147343 0.607253 0.0139835 0.0217284
0 0.723573 0.327615 0.0143262 0.0116221
0 0.343955 0.668644 0.325287 0.477956
0 0.370179 0.956526 0.0296335 0.0276222
0 0.582228 0.181017 0.0455039 0.0218048
0 0.132007 0.604035 0.0311284 0.0357095
