0 0.508491 0.565318 0.0199494 0.0145723
0 0.505288 0.564343 0.0162399 0.0198334
0 0.509491 0.564317 0.023479 0.0222041
0 0.51005 0.566471 0.0894706 0.12556
0 0.515692 0.564775 0.029764 0.0246624
0 0.507625 0.559617 0.0253221 0.0270933
0 0.508237 0.569172 0.016798 0.019291
0 0.50456 0.561839 0.0183068 0.012073
0 0.495884 0.543033 0.24262 0.405829
0 0.494591 0.542562 0.556298 0.453053
0 0.505924 0.564745 0.0726156 0.0590968
0 0.508657 0.576994 0.0476955 0.068495
0 0.504356 0.559541 0.0216842 0.0176918
0 0.806469 0.430311 0.0136833 0.010855
0 0.654662 0.504679 0.111314 0.0934032
0 0.648875 0.495632 0.283301 0.393734
0 0.503548 0.56825 0.0333805 0.0273717
