0 0.571604 0.722939 0.0201322 0.0151498
0 0.573074 0.724143 0.0243922 0.0221449
0 0.567728 0.721053 0.016352 0.00955116
0 0.567477 0.718889 0.0238083 0.0178751
0 0.562992 0.712503 0.0914717 0.179872
0 0.57742 0.730942 0.0578327 0.0595452
0 0.602994 0.737175 0.533187 0.52565
0 0.591021 0.740191 0.227363 0.519618
0 0.565353 0.736159 0.065482 0.121672
0 0.567201 0.721344 0.0131406 0.0200647
0 0.58038 0.741468 0.0722781 0.135972
0 0.543849 0.681267 0.244665 0.49369
0 0.556576 0.73163 0.0613804 0.0611841
0 0.56287 0.709543 0.068733 0.0643583
0 0.479553 0.525473 0.0509136 0.0465963
0 0.780291 0.430006 0.0188452 0.055496
0 0.584654 0.695288 0.0724725 0.0748888
0 0.443151 0.486326 0.237854 0.532123
0 0.570027 0.715197 0.0246358 0.019575
0 0.46116 0.530386 0.0575619 0.0499292
0 0.859471 0.871734 0.162189 0.085487
0 0.460836 0.519724 0.0752833 0.0638717
0 0.442036 0.489442 0.465364 0.504814
0 0.83447 0.835817 0.285159 0.328365
0 0.691648 0.412522 0.0218844 0.0604636
0 0.557514 0.713152 0.0349799 0.0289038
0 0.827026 0.872854 0.345948 0.254291
0 0.624741 0.739425 0.0314214 0.0313061
0 0.34859 0.811207 0.0252861 0.0378696
0 0.813442 0.71977 0.0178736 0.0393666
0 0.617093 0.657962 0.0250757 0.0415099
0 0.698085 0.530443 0.0285327 0.0444136
0 0.568489 0.714771 0.0169314 0.0378416
0 0.557852 0.715475 0.0251235 0.0376009
