0 0.601706 0.678937 0.0250213 0.0195864
0 0.601918 0.674444 0.0253384 0.0155958
0 0.60638 0.678208 0.0190135 0.0151251
0 0.606898 0.674048 0.0201634 0.013102
0 0.601093 0.674207 0.0212492 0.025596
0 0.607559 0.675002 0.0884622 0.193381
0 0.606661 0.6989 0.0661027 0.147202
0 0.594958 0.670613 0.225712 0.600192
0 0.596725 0.674082 0.529961 0.651836
0 0.599647 0.687403 0.0642222 0.0768233
0 0.592748 0.694918 0.0546004 0.132417
0 0.453047 0.755264 0.262908 0.489471
0 0.609271 0.67906 0.0174822 0.0101607
0 0.452231 0.75452 0.521438 0.490582
0 0.615786 0.674428 0.0251387 0.0408661
0 0.446023 0.78056 0.149588 0.168559
0 0.695997 0.602791 0.235017 0.484212
0 0.596391 0.264356 0.565337 0.528712
0 0.716979 0.615406 0.105315 0.119447
0 0.752362 0.608583 0.229073 0.532394
0 0.617612 0.676531 0.0670939 0.0815192
0 0.460267 0.799499 0.695494 0.401002
0 0.0991174 0.426213 0.0510984 0.111628
