0 0.856975 0.773484 0.0145366 0.0210809
0 0.577998 0.0296308 0.0220611 0.0316945
0 0.853474 0.77282 0.0108773 0.0204952
0 0.856986 0.77271 0.0218269 0.0265754
0 0.853143 0.768831 0.0146176 0.0262298
0 0.707817 0.271962 0.00752966 0.016943
0 0.252873 0.547395 0.00778936 0.0132493
0 0.707049 0.272871 0.00494417 0.0140883
0 0.878106 0.148393 0.0371005 0.0501831
0 0.254767 0.551871 0.00852764 0.0170848
0 0.858011 0.783883 0.0935365 0.19465
0 0.863435 0.773412 0.0214358 0.0352835
0 0.580871 0.0275957 0.0269663 0.0443489
0 0.582739 0.0349555 0.0130825 0.0194051
0 0.581967 0.0303369 0.0151935 0.0218634
0 0.859608 0.769628 0.0210432 0.0178929
0 0.581149 0.0524539 0.0755543 0.104908
0 0.844068 0.727218 0.23224 0.545565
0 0.851351 0.763919 0.0267585 0.0319688
0 0.791465 0.707818 0.417069 0.584364
0 0.855831 0.775268 0.0641331 0.0775367
0 0.707254 0.272172 0.0116781 0.0208899
0 0.880672 0.142126 0.0682701 0.125416
0 0.0455218 0.398079 0.00817922 0.00914799
0 0.252334 0.548417 0.0097047 0.0261749
0 0.707591 0.274369 0.0193498 0.0191125
0 0.783873 0.162754 0.0378973 0.0488157
0 0.889949 0.229367 0.220101 0.458733
0 0.874133 0.14422 0.0629636 0.0811048
0 0.711147 0.271731 0.0125343 0.0131552
0 0.584152 0.0282431 0.0151926 0.0329242
0 0.819506 0.23325 0.360988 0.466499
0 0.847116 0.772129 0.0615815 0.199968
0 0.7132 0.270895 0.0220364 0.0128978
0 0.0846832 0.886116 0.0404144 0.0363254
0 0.845741 0.791003 0.0652485 0.0702969
0 0.113555 0.736281 0.0480121 0.0470425
0 0.614885 0.124524 0.0140922 0.0138081
0 0.882557 0.13769 0.0397597 0.0518706
0 0.889401 0.701753 0.221198 0.596495
0 0.858352 0.769174 0.0155413 0.0282128
0 0.257597 0.552022 0.0144877 0.019922
0 0.87491 0.153626 0.0183621 0.0404545
0 0.085031 0.88159 0.0370265 0.0641437
0 0.868554 0.765523 0.0645309 0.0782674
0 0.787842 0.161048 0.0227295 0.025947
0 0.252538 0.550137 0.0201894 0.0351128
0 0.71019 0.272195 0.012623 0.0204033
0 0.25585 0.549106 0.0132575 0.0141466
0 0.856997 0.143042 0.0854798 0.0975569
