0 0.641635 0.521466 0.0233224 0.0298344
0 0.962672 0.258004 0.0214371 0.0340909
0 0.217358 0.558242 0.0157334 0.0205485
0 0.216972 0.557966 0.0207584 0.0284717
0 0.22014 0.555282 0.0155337 0.0168463
0 0.64461 0.518752 0.0158118 0.0222238
0 0.642047 0.528119 0.0156363 0.0309796
0 0.957132 0.263308 0.0857353 0.190776
0 0.636338 0.52251 0.0925029 0.194354
0 0.217968 0.565083 0.0100787 0.0296785
0 0.211211 0.558895 0.0949335 0.196645
0 0.963051 0.249606 0.0213001 0.0289782
0 0.214796 0.564945 0.0136383 0.0294918
0 0.915055 0.248338 0.169889 0.496676
0 0.959981 0.249396 0.0177005 0.0399932
0 0.967039 0.261643 0.065923 0.0948569
0 0.634756 0.518141 0.0298102 0.0338125
0 0.826394 0.288854 0.347212 0.577709
0 0.214358 0.553759 0.0230868 0.0421255
0 0.645684 0.522605 0.026563 0.0406649
0 0.635533 0.534406 0.0502866 0.0889111
0 0.641336 0.508258 0.0197319 0.0254112
0 0.957512 0.246878 0.0321484 0.0359977
0 0.210292 0.573169 0.0512482 0.0943374
0 0.222592 0.560196 0.0248463 0.0412412
0 0.646528 0.536094 0.527132 0.698914
0 0.645123 0.513179 0.0200468 0.0450437
0 0.938241 0.28595 0.123518 0.5719
