0 0.501401 0.415998 0.0133984 0.0150057
0 0.986085 0.72584 0.0248074 0.017524
0 0.00759197 0.723867 0.0151839 0.0203097
0 0.43471 0.39464 0.0299407 0.0336016
0 0.435499 0.393632 0.0329601 0.020863
0 0.00664422 0.724188 0.0110161 0.0166941
0 0.0403207 0.85353 0.0752445 0.026177
0 0.501549 0.416923 0.0230221 0.0253242
0 0.0321907 0.857795 0.0564233 0.0217662
0 0.853229 0.400052 0.0213349 0.0177732
0 0.0103868 0.7217 0.0188906 0.0131721
0 0.357789 0.986697 0.053008 0.0197061
0 0.354884 0.986088 0.0500578 0.0278249
0 0.0153166 0.46903 0.0187145 0.0235807
0 0.851351 0.400912 0.0145646 0.0153751
0 0.796087 0.684098 0.0543668 0.0218873
0 0.988159 0.727091 0.023681 0.0242167
0 0.114453 0.961956 0.0168963 0.0129239
0 0.0422058 0.851953 0.0571636 0.0440556
0 0.507336 0.424197 0.0953264 0.158093
0 0.391174 0.873407 0.0122611 0.0100191
0 0.0377627 0.848622 0.0692364 0.121051
0 0.711514 0.401495 0.0584579 0.019475
0 0.4901 0.415658 0.070595 0.159192
0 0.712156 0.403508 0.0623182 0.0324387
0 0.43428 0.390534 0.0805437 0.12843
0 0.4928 0.405355 0.0280735 0.0308679
0 0.507847 0.417742 0.014619 0.011929
0 0.501851 0.410513 0.0260169 0.0296858
0 0.390456 0.871049 0.0110056 0.00955172
0 0.00923675 0.723836 0.0184735 0.0290677
0 0.356513 0.988169 0.0365809 0.0165881
0 0.0295236 0.94523 0.0590472 0.0197754
0 0.792863 0.689343 0.0537616 0.0330776
0 0.824909 0.968338 0.0628444 0.024731
0 0.11066 0.961699 0.0177864 0.0227423
0 0.036208 0.867019 0.0540115 0.0883264
0 0.0286554 0.943088 0.0553598 0.0398504
0 0.0316257 0.85327 0.0578119 0.0372847
0 0.427841 0.389089 0.0196288 0.0220248
0 0.785858 0.698191 0.0585808 0.0341868
0 0.0155908 0.466968 0.026139 0.0177346
0 0.113972 0.966378 0.0319327 0.0318801
0 0.0504687 0.848046 0.0732329 0.0203925
0 0.851524 0.400467 0.0154569 0.0304911
0 0.293095 0.420345 0.0458816 0.025592
0 0.217796 0.977407 0.112582 0.0429118
0 0.296578 0.425594 0.0468268 0.0176574
0 0.00658534 0.718548 0.0103587 0.0221325
0 0.215656 0.97447 0.0804417 0.0510591
0 0.863303 0.402554 0.0423806 0.0289353
0 0.427967 0.388114 0.0210822 0.0419435
