0 0.957944 0.259762 0.020432 0.0259458
0 0.326692 0.722831 0.0158674 0.0153451
0 0.114636 0.951856 0.0170022 0.0151293
0 0.111905 0.0927527 0.0199134 0.0222194
0 0.30087 0.80198 0.0439612 0.0402466
0 0.642251 0.884025 0.011121 0.027372
0 0.115547 0.950514 0.0245383 0.018678
0 0.32636 0.720923 0.0213094 0.0219346
0 0.297929 0.79722 0.235446 0.377082
0 0.304359 0.80023 0.0630625 0.0539768
0 0.303652 0.789331 0.530328 0.421338
0 0.957829 0.263885 0.0843424 0.119872
0 0.953908 0.261833 0.015518 0.0230893
0 0.646016 0.878418 0.0200245 0.0324014
0 0.513489 0.0525109 0.0101698 0.0131216
0 0.6461 0.882344 0.0106797 0.0315436
0 0.29903 0.792008 0.0566479 0.0793039
0 0.643314 0.872768 0.00999755 0.0199812
0 0.515824 0.0565392 0.00934412 0.011026
0 0.91518 0.244439 0.169639 0.384619
0 0.95954 0.260194 0.0634329 0.0525921
0 0.84439 0.243491 0.31122 0.45134
0 0.954547 0.250544 0.0257191 0.0259257
0 0.231506 0.717636 0.0197141 0.0241175
0 0.344818 0.786554 0.227286 0.426892
0 0.295722 0.811777 0.0555 0.0434623
0 0.312033 0.791441 0.0602692 0.0516417
0 0.331534 0.718864 0.0928531 0.116357
0 0.512219 0.0513379 0.0204148 0.0276028
0 0.327239 0.717636 0.0157439 0.0185498
0 0.643758 0.865203 0.00830327 0.0125304
0 0.115255 0.0921117 0.0238327 0.0284109
0 0.109939 0.0894454 0.0864085 0.104704
0 0.950059 0.268004 0.0598997 0.0468947
0 0.519296 0.414931 0.0446746 0.0374797
0 0.304037 0.759148 0.0779648 0.0660914
0 0.522544 0.42747 0.0596651 0.0492702
0 0.965337 0.259035 0.0224097 0.0298854
0 0.111368 0.956429 0.0702838 0.0871423
0 0.118556 0.954564 0.0237495 0.0292307
0 0.542537 0.43653 0.2202 0.395003
0 0.641948 0.87192 0.0110535 0.0273884
0 0.109738 0.942625 0.086781 0.113098
0 0.677332 0.462324 0.0049856 0.0109627
0 0.331126 0.735167 0.0749779 0.0924526
0 0.553534 0.448584 0.532558 0.400233
0 0.646406 0.871962 0.0122825 0.0218514
0 0.708376 0.596584 0.00585003 0.00894221
0 0.235282 0.718367 0.0210512 0.0286324
0 0.513887 0.0561084 0.011389 0.0148344
0 0.494819 0.39093 0.248615 0.38002
0 0.319648 0.730329 0.0607851 0.0513169
0 0.637839 0.882863 0.0813151 0.0994623
0 0.649691 0.871439 0.0169563 0.0378986
0 0.510809 0.408983 0.0735305 0.0568191
0 0.269668 0.79299 0.074918 0.0612145
0 0.64833 0.887594 0.0116488 0.0192343
0 0.243804 0.790999 0.24536 0.333152
0 0.649352 0.869754 0.0237966 0.0294283
0 0.116903 0.0916126 0.017655 0.0198919
0 0.506692 0.426281 0.0757091 0.0544152
0 0.11563 0.839557 0.0229758 0.0273257
0 0.637948 0.881692 0.0664741 0.0504354
0 0.528467 0.405386 0.0678009 0.0581581
0 0.641398 0.843601 0.228372 0.312799
0 0.640302 0.887874 0.0123627 0.0197276
0 0.778423 0.648469 0.00957163 0.0238194
0 0.115142 0.841201 0.0179212 0.020943
0 0.517132 0.0594802 0.0113413 0.0139109
0 0.516571 0.0510721 0.0137764 0.016241
0 0.513087 0.413156 0.069919 0.106816
0 0.650696 0.846917 0.525336 0.306167
0 0.725805 0.119248 0.0138409 0.0361834
0 0.109099 0.0907969 0.0302563 0.0265702
0 0.960037 0.254886 0.0190794 0.0218891
0 0.726367 0.108196 0.0145581 0.0234325
0 0.51272 0.0499333 0.0125887 0.0112147
0 0.640625 0.880248 0.0125405 0.0273822
0 0.649499 0.881133 0.0156348 0.0292502
0 0.104211 0.944625 0.0319422 0.0261242
0 0.56354 0.214454 0.00437966 0.0145038
0 0.93686 0.239987 0.12628 0.475758
0 0.511412 0.0549863 0.0144205 0.0161447
0 0.64625 0.88304 0.015113 0.0233244
0 0.346077 0.696955 0.52987 0.415526
0 0.307251 0.791046 0.0367936 0.0309254
0 0.2933 0.689808 0.254115 0.434871
0 0.94259 0.239724 0.0701149 0.123957
0 0.414439 0.438324 0.028283 0.0388017
0 0.328481 0.706828 0.0666009 0.0583109
0 0.303195 0.704243 0.0785927 0.0626999
