0 0.559854 0.399107 0.023849 0.0341619
0 0.057572 0.612116 0.0100298 0.0169185
0 0.562319 0.394354 0.0181801 0.0264649
0 0.1293 0.364532 0.00809345 0.018661
0 0.129183 0.366443 0.020225 0.0236721
0 0.0593041 0.612978 0.0118951 0.0228292
0 0.559761 0.407044 0.0852529 0.181873
0 0.134104 0.361888 0.02141 0.018501
0 0.734685 0.275319 0.0133661 0.0222049
0 0.0610242 0.613398 0.0147531 0.0156936
0 0.545998 0.378223 0.247109 0.586345
0 0.128038 0.366404 0.00956494 0.0137998
0 0.546673 0.37534 0.529241 0.683335
0 0.562811 0.402653 0.0668541 0.0831252
0 0.813263 0.0371007 0.00783199 0.0121123
0 0.810991 0.0382922 0.0098112 0.0121099
0 0.611011 0.346132 0.0146886 0.0283436
0 0.0585063 0.608971 0.021711 0.0324052
0 0.13329 0.366276 0.0259494 0.01276
0 0.594799 0.371319 0.233805 0.663952
0 0.936367 0.202184 0.00895223 0.0104939
0 0.555815 0.388189 0.0301221 0.0370759
0 0.734893 0.280501 0.0164541 0.0269033
0 0.370398 0.14536 0.0204969 0.024464
0 0.550113 0.413145 0.0654078 0.0749772
0 0.553372 0.397244 0.0124854 0.0239495
0 0.371709 0.146624 0.028352 0.037262
0 0.376045 0.147025 0.0397035 0.0236429
0 0.583906 0.269593 0.00434578 0.0121326
0 0.570471 0.415283 0.0583818 0.0725686
0 0.134819 0.356519 0.0322898 0.012399
0 0.552156 0.401705 0.0116737 0.0244107
0 0.129033 0.36227 0.0265593 0.0386447
0 0.611198 0.346215 0.0194951 0.0374218
0 0.167522 0.113527 0.0171021 0.0220755
0 0.13074 0.362954 0.0261744 0.0637762
0 0.553736 0.3934 0.0139609 0.0416817
0 0.737847 0.280465 0.0163875 0.0207605
0 0.55304 0.390876 0.017466 0.0292249
