0 0.531792 0.74829 0.0203184 0.0190191
0 0.532259 0.747299 0.0216493 0.0308602
0 0.533878 0.74713 0.0947609 0.193311
0 0.584611 0.155564 0.0401178 0.0723941
0 0.536146 0.750916 0.0170589 0.0216711
0 0.403675 0.0407321 0.0179385 0.0255706
0 0.593654 0.15313 0.0319771 0.0685177
0 0.580496 0.14218 0.0368263 0.0526246
0 0.867364 0.715022 0.0231862 0.101377
0 0.538457 0.748316 0.0194199 0.037643
0 0.556799 0.258881 0.0607716 0.102558
0 0.708155 0.162163 0.030977 0.0489137
0 0.900474 0.677862 0.0319954 0.0875628
0 0.533241 0.766177 0.0567517 0.123857
0 0.593612 0.151474 0.05371 0.0446319
0 0.582692 0.150504 0.0792971 0.122015
0 0.555695 0.25784 0.0821752 0.0769783
0 0.227752 0.724938 0.455503 0.550123
0 0.5891 0.157447 0.0126215 0.0501292
0 0.402229 0.0423905 0.019047 0.037273
0 0.419021 0.625489 0.838042 0.749022
0 0.826301 0.327659 0.0175523 0.0802095
0 0.70735 0.165739 0.040234 0.0900145
0 0.528623 0.75289 0.0311244 0.0351613
0 0.541596 0.697832 0.223609 0.604337
0 0.913188 0.823219 0.0644179 0.353561
0 0.828151 0.329209 0.0238411 0.0612597
