0 0.333237 0.190457 0.0214724 0.0352746
0 0.0290771 0.234526 0.0173117 0.0312546
0 0.33091 0.196562 0.0179688 0.0308607
0 0.33015 0.185036 0.0182557 0.0338412
0 0.33394 0.203183 0.0843893 0.167476
0 0.041508 0.242996 0.083016 0.201308
0 0.0321052 0.236906 0.0142261 0.0236389
0 0.338988 0.191912 0.0208362 0.0385266
0 0.0282782 0.228019 0.0160153 0.0285686
0 0.0244087 0.224552 0.0252005 0.0342395
0 0.0259041 0.235184 0.0518082 0.167772
0 0.296525 0.203894 0.267241 0.407787
0 0.323692 0.195358 0.0572119 0.0713884
0 0.34598 0.239364 0.223651 0.478729
0 0.29652 0.241591 0.544967 0.483183
0 0.339497 0.183321 0.0176613 0.035505
0 0.0327234 0.229554 0.018457 0.0207454
0 0.322248 0.169934 0.0788904 0.202554
0 0.328421 0.20827 0.0514074 0.060149
0 0.0806358 0.274764 0.161272 0.549528
0 0.339374 0.181207 0.0267486 0.0306971
0 0.0255816 0.234671 0.0511631 0.0730032
0 0.160186 0.272861 0.320373 0.545721
0 0.332929 0.176995 0.0197141 0.0219215
0 0.336856 0.198042 0.015812 0.0245314
0 0.0427228 0.234492 0.0219861 0.040552
0 0.0338579 0.239873 0.0134532 0.0160643
0 0.330903 0.176548 0.0192703 0.0346281
0 0.333688 0.205486 0.0247384 0.0416828
