0 0.0964259 0.338964 0.0172719 0.0240568
0 0.0975426 0.334015 0.0152378 0.0233055
0 0.0931728 0.337044 0.0118456 0.020366
0 0.0974961 0.338353 0.0229295 0.0316315
0 0.0929622 0.332682 0.0171178 0.0294923
0 0.105858 0.336174 0.096072 0.231781
0 0.0902414 0.355751 0.0648157 0.146772
0 0.0896356 0.344725 0.0595165 0.0735427
0 0.101182 0.364653 0.202364 0.628346
0 0.180079 0.319019 0.360158 0.638039
0 0.0978234 0.33338 0.0118214 0.0346528
0 0.127208 0.355586 0.067371 0.0766416
0 0.934943 0.690128 0.130113 0.219547
0 0.808124 0.635325 0.383753 0.72935
0 0.0814936 0.329373 0.0328918 0.042917
0 0.88556 0.699319 0.228881 0.331269
