0 0.49324 0.382461 0.0191074 0.0176545
0 0.49267 0.377282 0.0178571 0.0216541
0 0.493993 0.383954 0.0237712 0.0274825
0 0.491133 0.382248 0.0135312 0.0266643
0 0.486053 0.375292 0.0987238 0.210327
0 0.488298 0.401046 0.0688874 0.145412
0 0.493392 0.374051 0.235278 0.664957
0 0.499171 0.383324 0.516966 0.661734
0 0.488187 0.391722 0.0617206 0.0845475
0 0.482536 0.375955 0.0305199 0.0307093
0 0.502519 0.408188 0.060948 0.142292
0 0.439721 0.369341 0.269476 0.576446
0 0.464268 0.38191 0.0700101 0.0745958
0 0.477852 0.393792 0.0343982 0.0358304
