0 0.324283 0.603211 0.00917381 0.00835333
0 0.325213 0.603467 0.0087353 0.0134999
0 0.324796 0.604326 0.0127036 0.00766511
0 0.324556 0.602855 0.0213531 0.0254411
0 0.332886 0.605667 0.0187407 0.0101016
0 0.332043 0.621036 0.0878853 0.161931
0 0.480558 0.25783 0.961117 0.492461
0 0.462426 0.209254 0.332254 0.266206
0 0.0331226 1 0.0662453 0
0 0.313574 0.587526 0.0915436 0.190743
0 0.815369 0.296022 0.194088 0.186059
0 0.659497 0.356307 0.0991953 0.085477
0 0.441778 0.232811 0.342067 0.465623
0 0.335473 0.59967 0.0238842 0.0139727
