0 0.485615 0.459388 0.0367967 0.0366721
0 0.317154 0.391167 0.0331818 0.037666
0 0.391109 0.412398 0.0330473 0.0450102
0 0.40171 0.467974 0.0319463 0.0361607
0 0.320287 0.391052 0.0269112 0.027483
0 0.398944 0.427026 0.034541 0.0520865
0 0.397943 0.456662 0.0338916 0.049674
0 0.488785 0.45267 0.0262651 0.0281098
0 0.48511 0.453317 0.0808208 0.15655
0 0.388062 0.412153 0.0747284 0.135302
0 0.479622 0.45226 0.0266891 0.0466489
0 0.400767 0.465685 0.0415075 0.0550636
0 0.296786 0.380993 0.242145 0.519318
0 0.315731 0.399841 0.0281853 0.0302611
0 0.313425 0.397485 0.0590056 0.0712339
0 0.312045 0.3814 0.0801948 0.150487
0 0.298189 0.380661 0.528155 0.641742
0 0.394657 0.453581 0.230502 0.579145
0 0.39092 0.441906 0.0597641 0.0753802
0 0.346218 0.378379 0.223683 0.62843
0 0.403405 0.459263 0.527589 0.620571
0 0.326393 0.40055 0.0586526 0.0739699
0 0.49507 0.451288 0.221056 0.639887
0 0.405334 0.478381 0.0673203 0.135575
0 0.394907 0.415908 0.0294512 0.0295118
0 0.390256 0.417448 0.0619983 0.0788309
0 0.450053 0.461097 0.0673766 0.0799951
0 0.479499 0.467104 0.0581505 0.0776118
0 0.408903 0.468347 0.0150322 0.0183234
0 0.402586 0.450222 0.0585103 0.112337
0 0.309402 0.386059 0.0353044 0.0338716
0 0.338379 0.419427 0.0581719 0.0684653
0 0.323454 0.408499 0.0593853 0.130551
0 0.400812 0.474183 0.023243 0.0302945
0 0.494732 0.45727 0.0179948 0.0231916
0 0.309474 0.394603 0.0395043 0.0378518
0 0.482155 0.487791 0.0546807 0.0647824
0 0.502198 0.531065 0.55035 0.598399
0 0.300924 0.413576 0.0635157 0.0653781
0 0.478183 0.462351 0.0191115 0.0285478
0 0.408357 0.468222 0.0194925 0.0299871
0 0.381872 0.404841 0.0405217 0.0439568
0 0.393367 0.48836 0.0617109 0.0657605
0 0.479758 0.437433 0.0759246 0.237843
0 0.318651 0.378829 0.0343548 0.0243146
0 0.495657 0.450642 0.0203775 0.0277768
0 0.396019 0.410136 0.0266877 0.0251037
0 0.436754 0.489459 0.0649935 0.0675673
0 0.438346 0.513871 0.233926 0.590308
0 0.315424 0.378241 0.0309816 0.0405634
