0 0.433954 0.94781 0.0172079 0.0215415
0 0.43004 0.947252 0.0111896 0.0226209
0 0.429727 0.94396 0.0167245 0.0236261
0 0.434196 0.944162 0.0915826 0.111676
0 0.438924 0.948024 0.0199376 0.0273461
0 0.0486197 0.0857007 0.0280007 0.0415879
0 0.42903 0.940299 0.0252633 0.0229766
0 0.434375 0.952263 0.0221771 0.027403
0 0.764132 0.367946 0.0200893 0.0465286
0 0.442436 0.869249 0.218217 0.261503
0 0.428125 0.949081 0.0599038 0.0530451
0 0.436204 0.944118 0.015632 0.020335
0 0.451652 0.871185 0.526343 0.257629
0 0.764218 0.362003 0.0322108 0.0463198
0 0.185764 0.382537 0.0253634 0.0348437
0 0.713673 0.838326 0.0514632 0.0428974
0 0.703409 0.833631 0.0695699 0.0530835
0 0.692778 0.833315 0.221789 0.333371
0 0.048566 0.0882653 0.0348834 0.0269463
0 0.391692 0.884647 0.252465 0.230705
0 0.413827 0.952327 0.0716164 0.0559927
0 0.730029 0.368543 0.0770424 0.0784969
0 0.707128 0.845469 0.04618 0.0407341
0 0.766042 0.359197 0.0192637 0.0470524
0 0.74509 0.385917 0.244887 0.394496
0 0.186186 0.393307 0.0184456 0.0327907
0 0.700135 0.83205 0.592233 0.3359
0 0.258344 0.885929 0.516687 0.228143
0 0.186762 0.390058 0.0307629 0.030689
0 0.741071 0.814193 0.216842 0.371613
0 0.726288 0.399567 0.547423 0.349709
0 0.436231 0.928237 0.065514 0.0560375
0 0.756025 0.360065 0.073721 0.104862
