0 0.818383 0.0428129 0.0265297 0.017442
0 0.817316 0.0430147 0.0202305 0.0257312
0 0.818683 0.0432711 0.0291334 0.033326
0 0.375367 0.393409 0.00832479 0.0139864
0 0.815761 0.0391504 0.0253174 0.0100672
0 0.814361 0.0598384 0.0639915 0.119677
0 0.375091 0.393878 0.0104522 0.0269354
0 0.386432 0.594595 0.139874 0.151205
0 0.391454 0.603532 0.27655 0.458531
0 0.34655 0.608117 0.625582 0.783767
0 0.354499 0.600976 0.131268 0.142031
0 0.815841 0.0383281 0.0281901 0.017512
0 0.821563 0.0383296 0.0236193 0.0141158
0 0.378258 0.393091 0.0154539 0.0145586
