0 0.48878 0.392851 0.051152 0.0481391
0 0.497388 0.387106 0.0313138 0.040723
0 0.475465 0.388104 0.0315399 0.0484165
0 0.496344 0.390591 0.0440401 0.0315822
0 0.473704 0.388954 0.0305283 0.0282398
0 0.499354 0.379381 0.230461 0.625428
0 0.48623 0.404595 0.057746 0.0820197
0 0.503066 0.378231 0.507666 0.69085
0 0.448337 0.381573 0.26527 0.481621
0 0.4809 0.39007 0.0444096 0.0384265
0 0.499537 0.386947 0.031746 0.0229937
0 0.486752 0.383586 0.0641201 0.106331
0 0.495776 0.398448 0.0646614 0.118419
0 0.487645 0.404939 0.0477975 0.0477822
0 0.507696 0.263312 0.00383931 0.0155485
0 0.512963 0.393211 0.00980509 0.0175122
0 0.473444 0.367494 0.0713309 0.187335
0 0.524846 0.764591 0.0388654 0.0445854
0 0.509413 0.261933 0.0220463 0.0178014
0 0.178928 0.646456 0.0513297 0.0466156
0 0.687815 0.364473 0.0357037 0.0565258
0 0.521817 0.773022 0.0114742 0.0260676
0 0.46485 0.388899 0.0100116 0.0257289
0 0.511189 0.389637 0.0147546 0.0226934
0 0.651608 0.358118 0.043559 0.0354402
0 0.516876 0.382725 0.0716651 0.0931976
0 0.690135 0.363739 0.0332036 0.0852077
0 0.453828 0.41851 0.0801399 0.0923188
0 0.508618 0.265319 0.00276093 0.0150901
0 0.517447 0.394173 0.0195848 0.0508869
0 0.511075 0.389113 0.0110301 0.0167651
0 0.428646 0.818661 0.0406104 0.051789
