0 0.325707 0.762748 0.00817754 0.0155935
0 0.172992 0.147614 0.0125117 0.0125977
0 0.171389 0.149528 0.0101715 0.0170579
0 0.17452 0.145612 0.0209835 0.0268862
0 0.325968 0.762359 0.0203196 0.030425
0 0.327155 0.766556 0.00878413 0.0250204
0 0.325132 0.766331 0.01072 0.0203891
0 0.323897 0.76723 0.00562585 0.0238276
0 0.321318 0.766744 0.00654653 0.0244712
0 0.181624 0.149085 0.103647 0.193335
0 0.332299 0.765836 0.116613 0.204881
0 0.17743 0.14971 0.0131631 0.0155974
0 0.177577 0.149697 0.0164912 0.0216486
0 0.673533 0.400621 0.652934 0.604295
0 0.758226 0.370713 0.219579 0.237728
0 0.333407 0.766081 0.0188693 0.0217468
0 0.175382 0.155325 0.0585454 0.0617563
0 0.2761 0.590064 0.0205265 0.0411261
0 0.191001 0.228337 0.218899 0.456674
0 0.341314 0.74949 0.217683 0.50102
0 0.167294 0.145965 0.00976526 0.0102036
0 0.324088 0.774487 0.0585837 0.0655948
0 0.235321 0.202326 0.470642 0.404652
0 0.178947 0.134757 0.064896 0.0750463
0 0.875854 0.396472 0.225529 0.253742
