0 0.404585 0.179639 0.03594 0.0412611
0 0.403136 0.168975 0.0365326 0.0315584
0 0.399072 0.166969 0.0284993 0.045017
0 0.406538 0.171194 0.0714656 0.155935
0 0.399132 0.182968 0.0561936 0.0731841
0 0.396815 0.226503 0.231934 0.453006
0 0.402869 0.276127 0.524614 0.552254
0 0.398004 0.189264 0.0563679 0.121545
0 0.41422 0.182438 0.0303743 0.0474691
0 0.442157 0.26716 0.218124 0.53432
0 0.560064 0 0.0756857 0
0 0.53633 0 0.0738021 0
0 0.609728 0.000116405 0.079423 0.000232811
0 0.584767 0 0.0780385 0
0 0.511188 0 0.072566 0
0 0.634346 0.000711558 0.0812329 0.00142312
0 0.65882 0.00119073 0.0837575 0.00238147
0 0.485928 0 0.0723067 0
0 0.435978 0 0.0744751 0
0 0.460968 0 0.0730872 0
0 0.683583 0.00157971 0.0845534 0.00315942
0 0.411376 0 0.0750239 0
0 0.403016 0.190524 0.0287221 0.036531
0 0.360934 0 0.0762797 0
0 0.733827 0.00115574 0.0836832 0.00231149
0 0.386207 0 0.0756871 0
0 0.708393 0.00169348 0.0848136 0.00338696
0 0.336294 0 0.0750278 0
0 0.758807 0.000784485 0.0823794 0.00156897
0 0.784205 0.00042809 0.0816869 0.00085618
0 0.311 0 0.0734259 0
0 0.414521 0.171187 0.0428271 0.0404028
0 0.809003 0 0.0801414 0
0 0.405066 0.190773 0.0223535 0.0281018
0 0.28596 0 0.0746017 0
0 0.419175 0.152467 0.0647474 0.0884867
0 0.261245 0 0.0793099 0
0 0.185769 0.00128327 0.0888968 0.00256654
0 0.83346 0.000504494 0.0807313 0.00100899
0 0.236111 0 0.0840869 0
0 0.20955 0.000922132 0.0885089 0.00184426
0 0.0407721 0.00018441 0.0815442 0.000368819
0 0.06072 0.00194 0.0995614 0.00388
0 0.0581547 0.998975 0.0909092 0.00204957
0 0.188976 0.00659314 0.0639673 0.0131863
