0 0.462495 0.0799113 0.0409658 0.0435429
0 0.435616 0.42571 0.0167999 0.0195777
0 0.297687 0.455381 0.0258686 0.0420483
0 0.460177 0.06928 0.0401148 0.028888
0 0.436275 0.427776 0.0180756 0.0324016
0 0.952808 0.737509 0.0707365 0.0466411
0 0.912727 0.339451 0.0546782 0.0460881
0 0.464161 0.0901978 0.0217151 0.025335
0 0.447742 0.172323 0.242686 0.344646
0 0.463839 0.0901928 0.0603572 0.0767378
0 0.451384 0.212419 0.510956 0.424838
0 0.469345 0.0790499 0.0317253 0.0355803
0 0.46429 0.0899018 0.0328001 0.0306495
0 0.438618 0.428601 0.019925 0.022093
0 0.453715 0.0754125 0.0265849 0.0319885
0 0.460932 0.0721948 0.0773785 0.142227
0 0.496865 0.195269 0.229465 0.390539
0 0.914298 0.343906 0.0668546 0.0769445
0 0.889734 0.30244 0.220532 0.528444
0 0.815716 0.312422 0.368568 0.624843
0 0.911 0.338628 0.0638563 0.132983
0 0.455817 0.100868 0.0616602 0.0652598
0 0.962085 0.744382 0.0748779 0.0421805
0 0.469104 0.0981699 0.0598655 0.141468
0 0.298922 0.45675 0.0177683 0.032918
0 0.453709 0.0822961 0.0224812 0.0352324
0 0.916086 0.364113 0.167829 0.572697
0 0.435413 0.427656 0.0237469 0.0146624
0 0.785908 0.406944 0.021203 0.0237296
0 0.0388126 0.425296 0.0513644 0.0384394
0 0.453886 0.0762735 0.0244248 0.0563536
0 0.454722 0.0869239 0.0787252 0.173848
0 0.956268 0.74255 0.0684951 0.120574
0 0.470948 0.107145 0.0550011 0.0654546
0 0.904188 0.741739 0.191624 0.516523
0 0.304538 0.450656 0.0778669 0.149054
0 0.95354 0.733021 0.0477614 0.0394243
0 0.831326 0.730297 0.337347 0.539405
0 0.925054 0.335498 0.0547506 0.12287
0 0.951573 0.729743 0.0511263 0.0665317
0 0.0448002 0.428324 0.0475379 0.0534365
0 0.953715 0.716696 0.0899104 0.105251
