0 0.231399 0.918642 0.0157316 0.0167097
0 0.469289 0.406641 0.0095932 0.0179933
0 0.231377 0.919429 0.0215063 0.0249555
0 0.230464 0.911888 0.0143355 0.0215801
0 0.229461 0.917945 0.0119152 0.0247732
0 0.471767 0.40749 0.0126327 0.0164265
0 0.230278 0.911739 0.0119911 0.0324923
0 0.23442 0.916356 0.0984051 0.167287
0 0.291057 0.0454943 0.0878693 0.0649656
0 0.277913 0.0549717 0.0554853 0.0695138
0 0.619919 0.719081 0.0381967 0.0539887
0 0.293693 0.178566 0.213086 0.357133
0 0.619448 0.71883 0.0332503 0.0369508
0 0.304983 0.191356 0.536659 0.382712
0 0.288109 0.0530136 0.0622435 0.086624
0 0.470917 0.40688 0.0200021 0.0325287
0 0.749888 0.890821 0.0190696 0.048477
0 0.757123 0.886302 0.0326991 0.0505016
0 0.240798 0.921043 0.0195302 0.0351844
0 0.249514 0.236759 0.0671216 0.0393938
0 0.285746 0.0574413 0.0614432 0.114883
0 0.473161 0.408932 0.0167485 0.0212319
0 0.223356 0.906746 0.0268227 0.0308935
0 0.242891 0.777166 0.215254 0.445669
0 0.250938 0.785382 0.501875 0.429235
0 0.233341 0.924258 0.0193719 0.0379373
0 0.229783 0.914453 0.0625885 0.0728564
0 0.191461 0.797907 0.251992 0.404186
0 0.258256 0.0697151 0.0766978 0.0875275
0 0.244831 0.124685 0.262611 0.249371
0 0.293759 0.0380211 0.0552725 0.0760422
0 0.757409 0.886101 0.100306 0.150772
0 0.267955 0.045353 0.105127 0.090706
0 0.662857 0.669984 0.0335348 0.0396746
0 0.21069 0.910525 0.0696781 0.0712648
