0 0.379897 0.549205 0.029701 0.0239402
0 0.382603 0.549255 0.0245766 0.0172491
0 0.38343 0.552119 0.082357 0.151702
0 0.378886 0.556385 0.0190675 0.0207562
0 0.3445 0.552228 0.259176 0.437199
0 0.362985 0.553068 0.0562136 0.0600037
0 0.393432 0.550158 0.224901 0.545113
0 0.347782 0.55553 0.55065 0.551868
0 0.389701 0.548288 0.0237335 0.0328436
0 0.376303 0.538823 0.033067 0.0275306
0 0.377876 0.553303 0.0287894 0.0360141
0 0.380626 0.562662 0.0434063 0.073039
0 0.383435 0.510092 0.0694329 0.0668168
0 0.354706 0.500256 0.0723525 0.0617519
0 0.386206 0.597178 0.0685352 0.0623169
0 0.43777 0.551631 0.077964 0.0690579
