0 0.670546 0.393514 0.0392227 0.0236908
0 0.475868 0.327523 0.0414401 0.0417691
0 0.76421 0.728614 0.0222302 0.0260934
0 0.765807 0.719066 0.0233903 0.0411364
0 0.765723 0.723407 0.0151324 0.0308765
0 0.673526 0.390065 0.0275477 0.0184859
0 0.66596 0.388301 0.0808755 0.154815
0 0.682364 0.39261 0.0211944 0.0128552
0 0.646651 0.361009 0.246718 0.470056
0 0.666515 0.393085 0.0597471 0.0649119
0 0.646122 0.35639 0.528848 0.602584
0 0.762932 0.719112 0.00995174 0.0347965
0 0.00514101 0.646013 0.010282 0.0172786
0 0.683199 0.386844 0.0234708 0.0173145
0 0.478262 0.329236 0.0379027 0.0269049
0 0.76081 0.714854 0.0249889 0.0430171
0 0.691788 0.416907 0.204922 0.528179
0 0.297476 0.349305 0.0823439 0.0518095
0 0.678183 0.410121 0.0522991 0.10189
0 0.18552 0.918822 0.0202743 0.0216867
0 0.664483 0.393091 0.0366589 0.0169721
0 0.659782 0.392224 0.0422988 0.02954
0 0.181041 0.916388 0.0384361 0.0485564
0 0.182813 0.908942 0.0296504 0.0305138
0 0.664214 0.389249 0.0390436 0.0146644
0 0.00446558 0.649705 0.00893115 0.025175
0 0.66395 0.388731 0.0316253 0.0220389
0 0.561305 0.932938 0.0423837 0.0820092
0 0.760123 0.721175 0.016395 0.0383879
0 0.179757 0.917475 0.0562729 0.127523
0 0.18402 0.925358 0.0367308 0.0307027
0 0.191315 0.920535 0.0162198 0.0176805
0 0.290982 0.348421 0.0580017 0.132886
0 0.481198 0.324612 0.0743621 0.126841
0 0.44056 0.898608 0.0175362 0.0340209
0 0.392191 0.321685 0.072943 0.0419937
0 0.460177 0.664878 0.0497762 0.0450175
0 0.550682 0.930557 0.0441385 0.0565677
0 0.459195 0.670774 0.0386982 0.0333694
0 0.434387 0.659825 0.0273322 0.0363743
