0 0.0577472 0.0943747 0.0160809 0.0182618
0 0.865662 0.26215 0.0157436 0.0218537
0 0.868272 0.25876 0.0140475 0.0216966
0 0.0575654 0.0887829 0.0153281 0.0205122
0 0.865957 0.260468 0.0219667 0.0292337
0 0.0586838 0.0949629 0.0219838 0.0262006
0 0.863198 0.263127 0.0119702 0.0182681
0 0.863922 0.25903 0.0116014 0.0155534
0 0.859574 0.257211 0.101861 0.218055
0 0.0600758 0.103303 0.0967237 0.204116
0 0.532598 0.804611 0.0102616 0.0143154
0 0.533934 0.804001 0.0094225 0.0227167
0 0.659188 0.4513 0.0157506 0.0417221
0 0.064935 0.0947557 0.0206546 0.03495
0 0.858156 0.256122 0.0268752 0.0303949
0 0.0546001 0.935148 0.00763437 0.0148672
0 0.844444 0.255687 0.238745 0.511375
0 0.858977 0.254308 0.06266 0.0735618
0 0.792706 0.276234 0.414588 0.552468
0 0.861401 0.279946 0.0665824 0.137646
0 0.868466 0.263117 0.0213082 0.0408024
0 0.0541882 0.0939385 0.0123228 0.016286
0 0.532487 0.80588 0.0150583 0.0317707
0 0.869361 0.268358 0.0547347 0.0686674
0 0.851274 0.27026 0.0636225 0.0728328
0 0.890405 0.300352 0.214465 0.600704
0 0.0539783 0.0926827 0.0106876 0.0261238
0 0.874357 0.245627 0.0619453 0.0812152
0 0.0485869 0.0984804 0.062049 0.196961
0 0.862501 0.241408 0.0274341 0.0323212
0 0.863127 0.242558 0.0224683 0.0479813
0 0.0922503 0.206323 0.184501 0.412646
0 0.41176 0.436518 0.0825522 0.0486516
0 0.16907 0.207638 0.33814 0.415275
0 0.0492398 0.0866561 0.0966306 0.127117
