0 0.628806 0.621111 0.0454706 0.0532617
0 0.629919 0.609788 0.0430257 0.0449553
0 0.633544 0.617338 0.0353162 0.0409482
0 0.599417 0.599779 0.257676 0.440254
0 0.625995 0.623107 0.0559388 0.0771167
0 0.59827 0.590949 0.573018 0.653164
0 0.624875 0.607895 0.0382906 0.0326942
0 0.648931 0.596871 0.218994 0.600629
0 0.628437 0.628453 0.0349529 0.0335709
0 0.632694 0.609923 0.0658428 0.0732175
0 0.62039 0.598815 0.0633691 0.151021
0 0.612906 0.628409 0.0960066 0.0932495
0 0.0578314 0.000242571 0.108392 0.000485142
0 0.646466 0.612989 0.00851197 0.0212582
