0 0.896412 0.720915 0.0273438 0.0286176
0 0.813628 0.725781 0.0168826 0.00726972
0 0.814667 0.727372 0.0175123 0.00730901
0 0.636195 0.950127 0.0100106 0.00840438
0 0.637168 0.948977 0.00819789 0.00636123
0 0.892653 0.720164 0.0214101 0.021146
0 0.814696 0.7259 0.016949 0.0125737
0 0.563385 0.669158 0.0164016 0.0126293
0 0.635748 0.950254 0.0111376 0.0129795
0 0.901354 0.861898 0.00930359 0.00908883
0 0.86343 0.039957 0.00629923 0.00623182
0 0.888896 0.716602 0.0816644 0.111576
0 0.56431 0.67158 0.0188162 0.0202903
0 0.638005 0.949862 0.00883041 0.0128307
0 0.899112 0.716789 0.0206163 0.0179412
0 0.566683 0.671417 0.0223961 0.0124666
0 0.889478 0.724269 0.0548283 0.0466
0 0.815912 0.727737 0.0231258 0.0163986
0 0.881805 0.159719 0.0221645 0.0100063
0 0.892382 0.740219 0.215235 0.383
0 0.813901 0.748155 0.372199 0.400636
0 0.901999 0.862678 0.0104099 0.0165962
0 0.640435 0.949747 0.0130474 0.0085587
0 0.638917 0.948215 0.0141188 0.00740669
0 0.903799 0.731977 0.0608773 0.0792741
0 0.944667 0.16204 0.0150961 0.0111705
0 0.428921 0.887303 0.021065 0.010359
0 0.62011 0.765272 0.00868474 0.00561937
0 0.623373 0.765544 0.0105204 0.00577604
0 0.567913 0.674458 0.0250336 0.0159073
0 0.771879 0.801825 0.0115745 0.00961982
0 0.24142 0.908887 0.00864807 0.0112182
0 0.905287 0.863746 0.0154901 0.00816748
0 0.635533 0.949996 0.0213248 0.0218482
0 0.813318 0.725492 0.0213958 0.0251306
0 0.863946 0.0404971 0.00826457 0.0158936
0 0.880053 0.50883 0.0098469 0.0164969
0 0.862795 0.0409839 0.00916636 0.0117997
0 0.726616 0.852658 0.00704544 0.00478656
0 0.884181 0.510144 0.00910817 0.0139191
0 0.563656 0.672922 0.029059 0.0239833
0 0.88455 0.156318 0.0266009 0.0148104
0 0.87986 0.512753 0.0146166 0.0233686
0 0.7658 0.801952 0.00772135 0.00923963
0 0.820028 0.726109 0.0187346 0.00884867
0 0.895763 0.7094 0.026182 0.0389932
0 0.882057 0.156245 0.0262674 0.0220763
0 0.565179 0.676632 0.0164201 0.025167
0 0.567362 0.667501 0.0242431 0.00972526
0 0.428515 0.887785 0.020893 0.0179158
