0 0.512349 0.713449 0.0181353 0.0190238
0 0.512052 0.713611 0.0227144 0.0258454
0 0.51244 0.705441 0.0179966 0.0238743
0 0.509217 0.718099 0.0288138 0.0285421
0 0.508794 0.704813 0.102956 0.204926
0 0.569213 0.50736 0.0741274 0.084343
0 0.510421 0.731075 0.0816846 0.162897
0 0.597161 0.524331 0.193962 0.561849
0 0.548376 0.527761 0.219857 0.43059
0 0.55094 0.531773 0.603693 0.571984
0 0.582212 0.506451 0.0511263 0.110563
0 0.495353 0.6683 0.23288 0.561976
0 0.493611 0.667554 0.534797 0.634207
0 0.507037 0.705083 0.0641946 0.0712371
0 0.516156 0.718268 0.0568123 0.0669716
0 0.54097 0.714357 0.207778 0.571286
0 0.519007 0.715683 0.0171319 0.0179266
0 0.51072 0.705219 0.0187291 0.0157209
0 0.548034 0.457749 0.283384 0.500818
0 0.565997 0.4839 0.10362 0.129213
0 0.523624 0.689827 0.0643448 0.0802243
0 0.522904 0.741441 0.0547188 0.154144
