0 0.108062 0.16112 0.0175179 0.0224497
0 0.10531 0.157619 0.0203309 0.028112
0 0.322289 0.186323 0.0219173 0.0224234
0 0.107982 0.163673 0.0256105 0.028777
0 0.108405 0.154251 0.0976249 0.183294
0 0.104638 0.162501 0.0161984 0.0227099
0 0.323814 0.188225 0.0241822 0.0358819
0 0.114988 0.158608 0.0186068 0.0335448
0 0.116024 0.165992 0.0214726 0.0382222
0 0.0994756 0.16648 0.0656976 0.0681839
0 0.104665 0.223678 0.20933 0.447356
0 0.181412 0.211769 0.362823 0.423538
0 0.116243 0.166045 0.0573042 0.0616635
0 0.461744 0.000327357 0.0545683 0.000654713
0 0.436619 0.000258582 0.0543532 0.000517164
0 0.411491 0.000227906 0.0555118 0.000455812
0 0.330101 0.188594 0.0876532 0.142365
0 0.486584 0.000468222 0.0551272 0.000936444
0 0.612407 0.000323065 0.064232 0.00064613
0 0.561922 0.000502013 0.0528838 0.00100403
0 0.0968429 0.170695 0.0597274 0.147904
0 0.386748 0.000270551 0.0552806 0.000541102
0 0.537122 0.000480896 0.0525577 0.000961793
0 0.586806 0.000336098 0.0571373 0.000672196
0 0.511498 0.00039054 0.0535734 0.000781079
