0 0.240382 0.559238 0.022407 0.0202654
0 0.243681 0.561745 0.0185387 0.0215147
0 0.243776 0.556663 0.0177608 0.0157184
0 0.23592 0.55539 0.0970925 0.182883
0 0.242657 0.5611 0.0241764 0.0322311
0 0.239784 0.556073 0.0248143 0.0106259
0 0.235728 0.55687 0.029077 0.0247731
0 0.2381 0.577384 0.0659157 0.121496
0 0.238391 0.556222 0.0166752 0.0197419
0 0.243541 0.552971 0.219494 0.585124
0 0.253233 0.559833 0.506465 0.588682
0 0.238141 0.566511 0.0630101 0.071346
0 0.250665 0.583354 0.05074 0.108569
0 0.232681 0.566225 0.0354858 0.0333799
0 0.219346 0.561882 0.0742866 0.0749741
0 0.0337078 1 0.0674157 0
0 0.19288 0.552079 0.259143 0.454431
