0 0.648349 0.346535 0.0128968 0.0270129
0 0.0659638 0.767472 0.0185256 0.022028
0 0.921067 0.306878 0.022422 0.0259894
0 0.433275 0.39892 0.00661877 0.00956898
0 0.0691025 0.769928 0.0169017 0.0250062
0 0.4342 0.400541 0.00776258 0.00971165
0 0.649971 0.343973 0.0208454 0.0327153
0 0.72838 0.982814 0.00753174 0.0215475
0 0.0694298 0.763678 0.0158777 0.0212446
0 0.0652839 0.766569 0.0234932 0.0299406
0 0.434014 0.400187 0.0074216 0.019452
0 0.7271 0.982815 0.00794057 0.0302936
0 0.0609296 0.766142 0.0950993 0.187122
0 0.651698 0.352087 0.011858 0.0304922
0 0.929348 0.313518 0.0880749 0.173392
0 0.655434 0.349513 0.102828 0.205857
0 0.436315 0.39958 0.0120612 0.00939148
0 0.731553 0.986455 0.00886759 0.0194701
0 0.646569 0.352188 0.00735719 0.0249701
0 0.650651 0.337088 0.0171886 0.0412572
0 0.924822 0.303483 0.0210168 0.0389739
0 0.731488 0.98293 0.0112155 0.0244472
0 0.914157 0.307695 0.0141705 0.0158268
0 0.64542 0.331834 0.0225424 0.035229
0 0.885786 0.0391279 0.0106159 0.0254762
0 0.0645377 0.757737 0.0226721 0.0421906
0 0.880103 0.313421 0.239794 0.510347
0 0.913762 0.31342 0.067092 0.0761597
0 0.728138 0.980546 0.0115824 0.0223244
0 0.0595498 0.761601 0.0335211 0.0335167
0 0.913818 0.305455 0.0150185 0.0303569
0 0.647884 0.989652 0.00777599 0.0201489
0 0.814485 0.317155 0.37103 0.570826
0 0.465231 0.455082 0.0162982 0.0296161
0 0.909227 0.309854 0.181546 0.605526
0 0.0611645 0.782913 0.0544439 0.11
0 0.644132 0.316119 0.245815 0.627394
0 0.0730735 0.593923 0.00650054 0.0149112
0 0.643997 0.318024 0.529017 0.609466
0 0.647292 0.341458 0.0748452 0.088115
0 0.468068 0.448362 0.0127653 0.0207819
0 0.958801 0.196948 0.00678297 0.0102649
0 0.728564 0.982983 0.0204317 0.0340343
0 0.0740103 0.599019 0.00983493 0.0163473
0 0.639582 0.357456 0.0664378 0.0746882
0 0.0707851 0.76967 0.023675 0.0415543
0 0.255377 0.360318 0.0400514 0.0429322
0 0.88447 0.0285291 0.0218381 0.0397994
0 0.884064 0.0328959 0.00922955 0.0264276
0 0.884114 0.0384719 0.0154859 0.0326653
0 0.928061 0.318432 0.0110628 0.0236197
0 0.46606 0.448823 0.0236075 0.0407275
0 0.866661 0.755866 0.0210802 0.0441673
0 0.651699 0.990086 0.00923195 0.0148759
0 0.914961 0.303985 0.0167348 0.0157277
0 0.910345 0.287012 0.0802121 0.166733
0 0.558463 0.516585 0.009892 0.0156246
0 0.653144 0.363897 0.0561514 0.0914153
0 0.0781895 0.59249 0.0243009 0.0281762
0 0.257301 0.354957 0.0234016 0.0619022
0 0.26012 0.35688 0.0411763 0.0252316
