0 0.451444 0.531781 0.0238665 0.0254865
0 0.451505 0.52689 0.0207953 0.0217244
0 0.456042 0.532445 0.0163809 0.0235293
0 0.456867 0.527245 0.0926955 0.20175
0 0.456499 0.524433 0.0193446 0.0190859
0 0.444911 0.524899 0.231803 0.609154
0 0.447475 0.528511 0.528255 0.650787
0 0.450471 0.540194 0.0638146 0.0790856
0 0.442844 0.546267 0.0562185 0.128722
0 0.548889 0.275709 0.0397474 0.0599845
0 0.446068 0.563326 0.0641876 0.0690756
0 0.340659 0.597268 0.28541 0.634736
0 0.341822 0.577634 0.0853746 0.0932641
0 0.44175 0.526088 0.0148324 0.0169055
0 0.466236 0.529237 0.0641171 0.0773223
0 0.544998 0.267628 0.0210026 0.0584359
