0 0.733134 0.63356 0.0156966 0.0169208
0 0.694995 0.638426 0.0135611 0.0152531
0 0.73337 0.633043 0.0220135 0.0266045
0 0.696227 0.637973 0.0214255 0.027786
0 0.707228 0.636516 0.0315024 0.0285391
0 0.739015 0.632854 0.0197467 0.0375966
0 0.690974 0.637197 0.0104121 0.0151133
0 0.693386 0.644536 0.0102377 0.0257539
0 0.733651 0.638467 0.0933611 0.186517
0 0.708452 0.640613 0.079869 0.169648
0 0.686954 0.635565 0.0835042 0.197414
0 0.695344 0.603657 0.235658 0.619585
0 0.705462 0.636696 0.0632231 0.0796213
0 0.731157 0.62351 0.0145209 0.0234453
0 0.691017 0.636345 0.0120542 0.0220836
0 0.694416 0.603199 0.519859 0.714732
0 0.694478 0.647247 0.0586406 0.0695053
0 0.692721 0.626597 0.0257131 0.0457537
0 0.723509 0.644571 0.0543796 0.0682086
0 0.73068 0.622942 0.0098909 0.0405849
0 0.739899 0.669235 0.208501 0.624962
0 0.713782 0.626944 0.0317906 0.046932
0 0.69084 0.64435 0.0113133 0.0292273
0 0.690869 0.633694 0.0165271 0.02104
0 0.72589 0.626036 0.0403784 0.0210281
0 0.72081 0.632464 0.0331137 0.020788
0 0.732814 0.612115 0.0725024 0.178568
0 0.726547 0.632449 0.0281266 0.0150187
