0 0.336021 0.26732 0.0178661 0.0236208
0 0.339431 0.265219 0.0175644 0.0304068
0 0.335367 0.271213 0.0267432 0.0276694
0 0.564705 0.63623 0.0103604 0.0326428
0 0.335343 0.282705 0.0892681 0.16411
0 0.565774 0.636261 0.0183518 0.0368917
0 0.849243 0.188356 0.0834829 0.0420508
0 0.33478 0.2579 0.018571 0.0229843
0 0.344515 0.27471 0.21978 0.549421
0 0.294531 0.25446 0.260387 0.438065
0 0.670673 0.104602 0.0871002 0.0556814
0 0.348976 0.279921 0.520329 0.559842
0 0.332958 0.274039 0.06137 0.071534
0 0.333298 0.257647 0.0142787 0.0366334
0 0.67692 0.102799 0.0547634 0.106082
0 0.333724 0.287995 0.0557892 0.058017
0 0.329913 0.264567 0.0126407 0.0189918
0 0.669521 0.118553 0.109804 0.0736853
0 0.348492 0.291202 0.0586311 0.151986
0 0.685064 0.118089 0.0711687 0.129372
0 0.39422 0.518918 0.227584 0.582809
0 0.846993 0.186099 0.0737662 0.0666585
0 0.569184 0.640686 0.016782 0.0340079
0 0.329476 0.25751 0.0268488 0.0300425
0 0.841078 0.196328 0.114395 0.0563339
0 0.326972 0.244638 0.0858552 0.247403
0 0.333128 0.276188 0.00992453 0.0223514
0 0.59829 0.0963582 0.109132 0.065011
