0 0.496567 0.04781 0.0381659 0.034691
0 0.374828 0.559798 0.0194116 0.0486637
0 0.496785 0.0410777 0.0338262 0.0299424
0 0.549712 0.466477 0.012005 0.0159612
0 0.376694 0.256259 0.0306456 0.0280184
0 0.508538 0.0471877 0.0173029 0.0183714
0 0.491276 0.066056 0.0829099 0.132112
0 0.381187 0.566304 0.0879114 0.203711
0 0.492056 0.0474458 0.0343673 0.0243023
0 0.372081 0.256565 0.0292778 0.0366442
0 0.497043 0.191246 0.230252 0.382491
0 0.509545 0.0498112 0.0139165 0.0144818
0 0.501344 0.210489 0.515397 0.420978
0 0.497369 0.0593056 0.0620135 0.0863441
0 0.504136 0.068697 0.0589175 0.137394
0 0.581602 0.507635 0.0175161 0.0318862
0 0.347842 0.530327 0.248103 0.544197
0 0.346069 0.527744 0.542425 0.707049
0 0.372699 0.557393 0.0566897 0.0825993
0 0.422794 0.891796 0.0131652 0.0334036
0 0.377411 0.25884 0.0406577 0.0541818
0 0.550351 0.467573 0.0111757 0.0294534
0 0.581509 0.509769 0.0213476 0.0453394
0 0.509262 0.0402881 0.0189539 0.0249129
0 0.499836 0.0392997 0.0247257 0.0237463
0 0.396861 0.524535 0.219276 0.712921
0 0.374366 0.549374 0.0229012 0.0437882
0 0.551099 0.467845 0.0184074 0.012767
0 0.4853 0.0406398 0.0396136 0.0418464
0 0.374224 0.549349 0.0160019 0.0342188
0 0.511718 0.0464731 0.0173934 0.0269697
0 0.586599 0.508799 0.0225476 0.0266927
0 0.472154 0.0460732 0.0719496 0.0921463
0 0.444012 0.151516 0.259824 0.303033
0 0.513808 0.0416616 0.0636563 0.0833231
0 0.381185 0.271348 0.0592326 0.11768
0 0.362883 0.537499 0.0823341 0.180498
0 0.376518 0.265104 0.059378 0.0754513
0 0.392062 0.303717 0.217712 0.607433
0 0.401263 0.30856 0.51726 0.617121
0 0.516582 0.0557547 0.0233082 0.04904
0 0.518772 0.924055 0.00764767 0.00916026
0 0.366802 0.269174 0.0644022 0.127365
0 0.379196 0.572571 0.00971913 0.0325837
0 0.355714 0.568155 0.0740132 0.0839822
0 0.517093 0.0417048 0.0214807 0.048414
0 0.152607 0.401507 0.112887 0.15517
0 0.421877 0.893412 0.0235374 0.0602348
0 0.380646 0.248017 0.0704404 0.142065
0 0.414957 0.882667 0.027438 0.0602816
