0 0.284874 0.439254 0.0189994 0.0299968
0 0.280084 0.438223 0.0147698 0.0297997
0 0.288369 0.438176 0.0207563 0.0381953
0 0.279718 0.433156 0.0197332 0.0324331
0 0.284356 0.444935 0.0946582 0.215008
0 0.284672 0.429467 0.0198086 0.0275792
0 0.292672 0.441385 0.221395 0.668654
0 0.277649 0.436507 0.0542885 0.0754088
0 0.301021 0.456332 0.527713 0.682978
0 0.263451 0.440468 0.0566535 0.074204
0 0.243316 0.442024 0.255708 0.545743
0 0.282616 0.450821 0.0107379 0.0285849
0 0.280046 0.450705 0.0124531 0.0395761
0 0.38316 0.713474 0.0188527 0.051895
0 0.285076 0.390951 0.0677805 0.0845838
0 0.370361 0.866502 0.0109684 0.0257346
0 0.277957 0.422528 0.0295359 0.036022
0 0.388563 0.725753 0.0221336 0.0382
0 0.796738 0.767978 0.0203894 0.0402005
