0 0.644205 0.494542 0.0531535 0.0200694
0 0.648473 0.495045 0.0415404 0.0127464
0 0.638136 0.49024 0.0551392 0.0187733
0 0.641214 0.489589 0.0738413 0.136812
0 0.647121 0.492641 0.230566 0.52919
0 0.651488 0.495552 0.518645 0.592442
0 0.63818 0.505897 0.0592334 0.0656219
0 0.636423 0.493014 0.0468745 0.0308364
0 0.649098 0.489918 0.0357539 0.0173417
0 0.658561 0.493455 0.0210222 0.00756264
0 0.629904 0.491002 0.0299397 0.0181144
0 0.621723 0.498464 0.0581249 0.066036
0 0.596698 0.490202 0.267263 0.415882
0 0.630265 0.486205 0.0311165 0.0407713
0 0.638883 0.522015 0.0575697 0.056944
0 0.650807 0.511056 0.0489394 0.0930735
0 0.659662 0.488471 0.0212963 0.0150225
0 0.747978 0.163768 0.060141 0.0404999
0 0.6577 0.492358 0.0174813 0.0161534
0 0.63481 0.499918 0.0541682 0.0311502
0 0.66736 0.493047 0.0684843 0.0709831
