0 0.122066 0.734025 0.0193469 0.0247409
0 0.529047 0.2551 0.0357239 0.0325244
0 0.00314102 0.339263 0.00628205 0.00933769
0 0.150429 0.177668 0.0360048 0.0379247
0 0.52892 0.257913 0.0609005 0.0796052
0 0.526738 0.258867 0.0506822 0.0295672
0 0.129637 0.74196 0.0901566 0.125465
0 0.11446 0.737405 0.0700113 0.102614
0 0.149538 0.178498 0.0342619 0.0225173
0 0.0429558 0.689732 0.00926023 0.00809666
0 0.10994 0.732768 0.0691888 0.0561929
0 0.106296 0.741132 0.212591 0.360411
0 0.191457 0.747146 0.382913 0.394555
0 0.11722 0.732752 0.0195815 0.0219338
0 0.514814 0.369595 0.150636 0.12944
0 0.497833 0.403144 0.891305 0.512816
0 0.518395 0.244285 0.0729384 0.0983342
0 0.124206 0.327362 0.00957628 0.00797383
0 0.507262 0.393198 0.271019 0.243755
0 0.111927 0.719375 0.0765972 0.0619994
0 0.138482 0.739965 0.202562 0.491111
0 0.00401682 0.340766 0.00803365 0.0161359
0 0.144423 0.496864 0.0242001 0.0381288
