0 0.232819 0.424887 0.0262132 0.0175226
0 0.230238 0.42227 0.0192945 0.0212237
0 0.232626 0.424521 0.0222961 0.02904
0 0.23354 0.417204 0.0262363 0.0176139
0 0.234424 0.417372 0.0954573 0.197911
0 0.239091 0.421377 0.0200926 0.0337082
0 0.227395 0.428062 0.0519234 0.0653163
0 0.24227 0.444645 0.212728 0.586761
0 0.259885 0.459517 0.51977 0.616553
0 0.240465 0.429299 0.0234746 0.0369702
0 0.231937 0.416861 0.0195681 0.039098
0 0.235686 0.416606 0.0641721 0.0823963
0 0.212601 0.433502 0.0682861 0.0757458
0 0.192255 0.443967 0.249552 0.49554
0 0.223862 0.43557 0.0571758 0.159603
0 0.767428 0.18287 0.465144 0.36574
