0 0.440869 0.166618 0.0172511 0.014827
0 0.335756 0.787051 0.0116241 0.00811112
0 0.44048 0.167397 0.0198712 0.0253307
0 0.439577 0.16332 0.0146633 0.0261872
0 0.279661 0.785112 0.0223351 0.012215
0 0.229332 0.885228 0.0123158 0.00931168
0 0.254638 0.893756 0.0553796 0.0176592
0 0.335797 0.787592 0.0107956 0.0163529
0 0.444977 0.170195 0.0151122 0.0131596
0 0.436509 0.174049 0.087547 0.137938
0 0.284669 0.784862 0.0255799 0.0108095
0 0.338024 0.788452 0.0148993 0.00890386
0 0.230195 0.889406 0.0110363 0.0128243
0 0.281408 0.787831 0.0249865 0.0132114
0 0.80154 0.913019 0.0147751 0.00928378
0 0.434896 0.165863 0.0320338 0.024339
0 0.445785 0.162865 0.0154518 0.0098924
0 0.22819 0.884334 0.0111841 0.0151525
0 0.276852 0.782793 0.0146462 0.0106248
0 0.248047 0.892578 0.0466211 0.0264542
0 0.284475 0.786417 0.0253017 0.0186155
0 0.799502 0.914454 0.015457 0.0111382
0 0.254085 0.895749 0.0591382 0.0423217
0 0.441448 0.216589 0.23517 0.433178
