0 0.612697 0.603103 0.0269189 0.0242907
0 0.815604 0.653657 0.0281348 0.0227377
0 0.819268 0.650727 0.0242693 0.0215607
0 0.816736 0.646762 0.0302699 0.0289108
0 0.813773 0.660143 0.0211646 0.0291048
0 0.812422 0.654085 0.0847055 0.154993
0 0.612239 0.609852 0.0168773 0.0251066
0 0.596599 0.592982 0.23845 0.493239
0 0.598465 0.591879 0.517356 0.615542
0 0.611157 0.610605 0.0596297 0.0660141
0 0.61095 0.616486 0.0791564 0.155258
0 0.614359 0.609772 0.0244041 0.0301499
0 0.795406 0.658806 0.246977 0.472316
0 0.811481 0.658755 0.0581384 0.0648996
0 0.76677 0.660625 0.466461 0.589276
0 0.843742 0.652541 0.22238 0.583019
0 0.644945 0.586345 0.224323 0.59202
0 0.809522 0.650857 0.0332325 0.0284533
0 0.819112 0.640785 0.0369719 0.0332673
0 0.60316 0.603426 0.0134892 0.0203056
0 0.821993 0.656632 0.0337652 0.0308576
0 0.808665 0.625856 0.0668894 0.0636408
0 0.816273 0.640578 0.031024 0.0520204
0 0.619191 0.605306 0.0208235 0.0200375
0 0.600731 0.622313 0.0617599 0.0581925
0 0.619943 0.599342 0.0198945 0.019706
0 0.603187 0.600543 0.01472 0.033329
0 0.621987 0.626809 0.0581428 0.0588657
0 0.603251 0.598634 0.014576 0.0201713
0 0.600851 0.579261 0.078663 0.213005
0 0.437389 0.00106627 0.0548694 0.00213254
0 0.562564 0.00102355 0.0537633 0.0020471
0 0.46251 0.00111901 0.0551154 0.00223803
0 0.411774 0.000965175 0.0543581 0.00193035
0 0.587576 0.000993056 0.054223 0.00198611
0 0.487543 0.00119883 0.0552934 0.00239767
0 0.387102 0.000963548 0.0533215 0.0019271
0 0.512714 0.00141785 0.0547667 0.00283571
