0 0.743778 0.570868 0.0223948 0.0268839
0 0.745998 0.56786 0.097397 0.129468
0 0.741468 0.566596 0.0167216 0.0206694
0 0.747965 0.574822 0.0175773 0.0155819
0 0.737222 0.573491 0.0543446 0.0459604
0 0.756723 0.588238 0.217599 0.410071
0 0.707882 0.542921 0.2677 0.354237
0 0.743249 0.598607 0.513503 0.398614
0 0.730502 0.563681 0.0651323 0.0510159
0 0.734505 0.579613 0.0575155 0.0826506
0 0.721929 0.576146 0.0706062 0.0517967
0 0.755427 0.568428 0.0230935 0.0285301
0 0.755039 0.575664 0.0246955 0.032757
0 0.587379 0.0823928 0.047647 0.0686793
0 0.744519 0.55821 0.0212714 0.0365102
0 0.742875 0.556916 0.0293105 0.025454
0 0.5969 0.533833 0.0231194 0.026756
0 0.59053 0.0831956 0.0582432 0.0400664
