0 0.482028 0.434038 0.020849 0.021638
0 0.479411 0.429919 0.0243478 0.0285075
0 0.483773 0.448823 0.0864105 0.171105
0 0.49244 0.450805 0.215533 0.551921
0 0.475461 0.437334 0.0522774 0.0623184
0 0.490151 0.437691 0.0210449 0.0345638
0 0.503254 0.463971 0.517188 0.578649
0 0.490104 0.42909 0.0201823 0.0324486
0 0.484362 0.422535 0.0593296 0.0690671
0 0.443801 0.386577 0.24597 0.481422
0 0.464788 0.416949 0.0614449 0.0634272
0 0.462805 0.44257 0.0596693 0.0630901
0 0.471526 0.415072 0.0815892 0.204113
0 0.481662 0.423289 0.0221277 0.0202461
0 0.480647 0.441703 0.0149035 0.0278368
0 0.47283 0.441368 0.0608546 0.141698
0 0.476533 0.441536 0.0165108 0.0314119
0 0.437134 0.00103005 0.0589785 0.0020601
0 0.479176 0.422969 0.0176687 0.0319549
0 0.411871 0.000922572 0.0589182 0.00184514
0 0.461622 0.00119602 0.0595554 0.00239205
0 0.387285 0.000884449 0.0572386 0.0017689
0 0.586529 0.00102462 0.0546594 0.00204924
0 0.610926 0.000962794 0.0546684 0.00192559
0 0.486769 0.00143485 0.0582744 0.0028697
0 0.536214 0.00110478 0.0554661 0.00220957
0 0.511884 0.00134292 0.0564768 0.00268584
0 0.561521 0.00110846 0.0549758 0.00221692
0 0.362178 0.000916774 0.0555887 0.00183355
0 0.635461 0.00103862 0.0535483 0.00207725
0 0.660365 0.00113359 0.0532544 0.00226718
0 0.337306 0.00099449 0.0550171 0.00198898
