0 0.393174 0.425241 0.0211157 0.0248853
0 0.393007 0.424235 0.0261117 0.033792
0 0.385496 0.412516 0.0970458 0.219455
0 0.388064 0.439767 0.0734051 0.158003
0 0.384755 0.415655 0.0296484 0.0329796
0 0.385347 0.426438 0.0615344 0.0828244
0 0.391504 0.44566 0.220788 0.646275
0 0.40136 0.456607 0.53493 0.616241
0 0.393716 0.433854 0.0154579 0.0284527
0 0.384356 0.428222 0.0361501 0.0391788
0 0.390609 0.433639 0.0164221 0.0382067
0 0.342644 0.325407 0.0185708 0.0148679
0 0.13888 0.580693 0.00893192 0.0130908
0 0.392158 0.413033 0.0212231 0.025461
0 0.339597 0.327412 0.0205802 0.0188734
