0 0.56328 0.594082 0.0182141 0.0258945
0 0.591716 0.629361 0.0199259 0.0276798
0 0.593864 0.549529 0.0151918 0.0283251
0 0.591712 0.548803 0.0134635 0.022117
0 0.566406 0.594308 0.0256013 0.0339771
0 0.571613 0.600872 0.0252623 0.0416861
0 0.594711 0.629236 0.0171477 0.022322
0 0.56051 0.59517 0.0889191 0.175791
0 0.585287 0.627726 0.0793447 0.152666
0 0.560322 0.592818 0.0273408 0.0307977
0 0.602182 0.562034 0.0874111 0.17749
0 0.566311 0.584797 0.022388 0.0463074
0 0.600801 0.636002 0.0899853 0.182223
0 0.546116 0.598923 0.241439 0.528366
0 0.576869 0.600538 0.0662903 0.148033
0 0.565387 0.600973 0.0839929 0.106987
0 0.545688 0.602223 0.622725 0.681325
0 0.597484 0.550309 0.0146549 0.0297095
0 0.560696 0.611822 0.0483389 0.0956228
0 0.595572 0.550613 0.017945 0.0401891
0 0.59299 0.637502 0.0129603 0.0254444
0 0.585169 0.532898 0.0929129 0.156559
0 0.593116 0.595314 0.2273 0.720326
