0 0.400575 0.097073 0.0134711 0.0171304
0 0.400599 0.0972538 0.0222025 0.0259738
0 0.402898 0.103511 0.0131203 0.0248315
0 0.346791 0.965554 0.0602513 0.0600303
0 0.406858 0.115416 0.0945743 0.20338
0 0.525012 0.601667 0.0571573 0.0555906
0 0.391088 0.107102 0.0669547 0.164378
0 0.388724 0.0915588 0.0872452 0.183118
0 0.394546 0.195935 0.234893 0.39187
0 0.526918 0.597178 0.0588732 0.0327026
0 0.520293 0.569595 0.0675326 0.0992819
0 0.399847 0.102823 0.0674189 0.0801234
0 0.396208 0.210939 0.517216 0.421879
0 0.342448 0.978952 0.0360179 0.0342868
0 0.544433 0.594078 0.238552 0.593795
0 0.397024 0.104173 0.00867219 0.0196236
0 0.555028 0.613737 0.55705 0.554173
0 0.508932 0.54036 0.122824 0.165754
0 0.408082 0.0995958 0.0189825 0.0178392
0 0.498792 0.532077 0.301829 0.552432
0 0.525476 0.579821 0.0541983 0.0672324
0 0.694516 0.00748219 0.0840619 0.0149644
0 0.671222 0.146895 0.657556 0.29379
0 0.593903 0.00781135 0.0846865 0.0156227
0 0.351395 0.811453 0.278285 0.377093
0 0.522476 0.60773 0.024569 0.0435413
0 0.643681 0.00787973 0.0854173 0.0157595
0 0.36015 0.909158 0.147266 0.181683
