0 0.351287 0.517957 0.0315904 0.0204239
0 0.354201 0.517553 0.020928 0.0175726
0 0.34829 0.515787 0.02978 0.0294262
0 0.358831 0.519958 0.0129552 0.01493
0 0.358725 0.516908 0.0163969 0.0156895
0 0.342187 0.513536 0.0284041 0.0174562
0 0.342255 0.512262 0.0270262 0.0346412
0 0.356784 0.524455 0.0758096 0.171066
0 0.342811 0.517666 0.0584466 0.0766899
0 0.343863 0.524474 0.229623 0.639738
0 0.350786 0.534181 0.527778 0.685101
0 0.341144 0.516432 0.0235045 0.0158942
0 0.35465 0.52155 0.0263647 0.0345817
0 0.346706 0.508528 0.0319626 0.0247292
0 0.347497 0.491003 0.0658884 0.0816697
0 0.368348 0.518426 0.0631973 0.0774364
0 0.339196 0.492517 0.0729441 0.181083
0 0.365935 0.519257 0.0211277 0.0411994
0 0.593502 0.593924 0.0158368 0.0451363
0 0.300253 0.516725 0.0639794 0.0763223
0 0.589683 0.591351 0.0104982 0.0600912
0 0.791262 0.515878 0.417477 0.968244
0 0.699205 0.424955 0.0110197 0.042385
