0 0.393251 0.318931 0.0362711 0.0265729
0 0.30385 0.666613 0.0207265 0.0452648
0 0.788596 0.302229 0.0203034 0.0168774
0 0.307698 0.666947 0.0187601 0.0345766
0 0.389412 0.314134 0.0389651 0.0207041
0 0.39688 0.318869 0.0384596 0.0411952
0 0.399482 0.320398 0.0278267 0.0199424
0 0.389285 0.313516 0.0848498 0.202478
0 0.784946 0.30355 0.0153859 0.0256965
0 0.390875 0.337164 0.0513007 0.124519
0 0.386099 0.316055 0.0406042 0.0357609
0 0.39576 0.315064 0.223752 0.630128
0 0.307584 0.686407 0.0739104 0.147337
0 0.394702 0.328835 0.543808 0.65767
0 0.507195 0.548623 0.0209309 0.0297593
0 0.788534 0.306238 0.020241 0.0283568
0 0.305665 0.672978 0.0278404 0.0454086
0 0.474736 0.824083 0.0139399 0.0191
0 0.404301 0.614523 0.0774272 0.0299738
0 0.469195 0.824848 0.0176967 0.0224208
0 0.790706 0.307157 0.0252797 0.0175018
0 0.387252 0.322544 0.0624594 0.0815234
0 0.787823 0.306051 0.0287607 0.0358134
0 0.403714 0.342771 0.0456964 0.115203
0 0.415994 0.771 0.0186817 0.0283745
0 0.40744 0.320845 0.0232822 0.0183497
0 0.125716 0.546146 0.0201426 0.0192981
0 0.122018 0.548827 0.0152697 0.0221718
