0 0.580669 0.125244 0.021949 0.0310726
0 0.418036 0.878633 0.0175761 0.0177448
0 0.581546 0.126214 0.0155726 0.0255821
0 0.416704 0.87594 0.0144354 0.0144978
0 0.70025 0.815837 0.0144576 0.0229673
0 0.0934088 0.875952 0.0764696 0.0311415
0 0.420469 0.879322 0.0218158 0.0274141
0 0.0149008 0.764552 0.0143574 0.0180632
0 0.583404 0.130307 0.0948162 0.216413
0 0.701873 0.817382 0.0168649 0.0351145
0 0.703859 0.817835 0.0170821 0.022934
0 0.579051 0.113802 0.0214744 0.0285081
0 0.578121 0.11361 0.0155686 0.039182
0 0.593646 0.227491 0.213238 0.454982
0 0.35547 0.892108 0.0081006 0.0105292
0 0.574942 0.124761 0.0551498 0.074178
0 0.612708 0.823403 0.0864009 0.0412891
0 0.0165176 0.769524 0.0156286 0.0178996
0 0.601637 0.244539 0.528885 0.489079
0 0.590657 0.124575 0.0226622 0.0390709
0 0.0936733 0.881683 0.0694683 0.0574668
0 0.0155389 0.761754 0.0197109 0.0181428
0 0.355838 0.893897 0.00615434 0.00926151
0 0.411828 0.877165 0.0846468 0.176275
0 0.622397 0.817962 0.0705798 0.0281018
0 0.580954 0.134951 0.0142596 0.0348997
0 0.578096 0.134811 0.015478 0.0412224
0 0.543816 0.196039 0.247624 0.392078
0 0.596663 0.820635 0.0712862 0.0830886
0 0.576959 0.129458 0.0288264 0.0435782
0 0.421652 0.876666 0.015218 0.0126048
0 0.0160374 0.760282 0.0156483 0.0311401
0 0.592877 0.775583 0.237252 0.448834
0 0.600146 0.759163 0.577456 0.481673
0 0.0121654 0.76384 0.0136028 0.0298699
0 0.428709 0.12913 0.056572 0.0510039
0 0.580139 0.142706 0.0518204 0.0943295
0 0.433579 0.128216 0.0426617 0.0761596
0 0.598306 0.824824 0.0882306 0.0561309
0 0.699828 0.81152 0.0251301 0.0425852
0 0.415446 0.871892 0.0187434 0.00804023
0 0.0899752 0.873557 0.0729379 0.145526
0 0.422149 0.879471 0.0225308 0.0419772
0 0.0151651 0.75876 0.0209498 0.0440007
0 0.623122 0.825373 0.0544079 0.0508888
0 0.617715 0.823986 0.0721882 0.0835478
