0 0.546292 0.149964 0.0170122 0.0219321
0 0.546658 0.150098 0.0198351 0.0315704
0 0.543821 0.155769 0.0133171 0.0223759
0 0.541851 0.149485 0.011522 0.0179164
0 0.541734 0.146632 0.0187055 0.0276992
0 0.555189 0.154466 0.0890264 0.198147
0 0.295355 0.281265 0.243608 0.562531
0 0.285684 0.255969 0.0832418 0.109431
0 0.300256 0.260894 0.466508 0.521789
0 0.55519 0.418125 0.108832 0.138236
0 0.545661 0.13969 0.0218462 0.0414125
0 0.550383 0.456851 0.252377 0.537829
0 0.553045 0.464669 0.674379 0.630346
0 0.181541 0.243321 0.218993 0.268811
0 0.549281 0.382668 0.484613 0.563754
0 0.543732 0.227923 0.234829 0.455845
0 0.252003 0.247362 0.126625 0.142173
0 0.543199 0.155574 0.0632887 0.0770997
0 0.548496 0.237686 0.528526 0.475373
0 0.196695 0.247331 0.28287 0.494662
0 0.59581 0.44055 0.13636 0.174377
0 0.550002 0.15634 0.0148308 0.0237741
0 0.592732 0.38029 0.284679 0.649546
0 0.44465 0.672517 0.0543303 0.0619601
0 0.57688 0.393133 0.14073 0.166717
0 0.552235 0.138457 0.0223683 0.0476072
0 0.26215 0.283324 0.131739 0.121026
0 0.441761 0.333788 0.262989 0.667575
0 0.554145 0.170577 0.0504884 0.0926253
0 0.299252 0.32691 0.598505 0.628628
