0 0.7083 0.351241 0.0148307 0.0202285
0 0.708654 0.351454 0.0210785 0.027917
0 0.704129 0.351181 0.00954629 0.0235306
0 0.711325 0.353165 0.0166979 0.0181718
0 0.713558 0.35238 0.0202393 0.037244
0 0.703772 0.345355 0.0169657 0.0290109
0 0.709109 0.363491 0.0964354 0.217543
0 0.703877 0.343659 0.0264546 0.0339972
0 0.699882 0.352188 0.0611638 0.0780124
0 0.691372 0.362614 0.229542 0.625328
0 0.697826 0.371801 0.536265 0.65662
0 0.715237 0.344099 0.01807 0.0403349
0 0.722532 0.375381 0.0600046 0.203987
0 0.71511 0.339678 0.0335965 0.0353988
0 0.715572 0.346512 0.0839568 0.11442
