0 0.28738 0.407943 0.0164243 0.0322619
0 0.236707 0.422842 0.0234971 0.0424239
0 0.253285 0.416977 0.0329042 0.0456364
0 0.288506 0.405868 0.0228771 0.0405909
0 0.233701 0.415792 0.0801989 0.156766
0 0.284242 0.409873 0.093599 0.19257
0 0.236648 0.413503 0.0246869 0.0260246
0 0.233195 0.423683 0.0537085 0.0704169
0 0.243008 0.449659 0.20785 0.58624
0 0.290261 0.415993 0.0120006 0.0338155
0 0.257148 0.458277 0.514297 0.611064
0 0.284522 0.415996 0.00917929 0.0248436
0 0.247091 0.42032 0.0747268 0.0976368
0 0.282278 0.415775 0.0101298 0.034922
0 0.256016 0.415641 0.0605436 0.176333
0 0.239558 0.436112 0.0195574 0.0301648
0 0.282609 0.422802 0.0557684 0.0979932
0 0.271404 0.417761 0.0676857 0.0813056
0 0.246352 0.445883 0.0490122 0.144815
0 0.236869 0.411683 0.0159673 0.0320086
0 0.289021 0.443618 0.214904 0.654856
0 0.287419 0.395052 0.0194311 0.0246178
0 0.283909 0.410093 0.0808284 0.105186
0 0.29368 0.414905 0.0245957 0.0509643
0 0.212358 0.439111 0.147329 0.18609
