0 0.388647 0.25829 0.0181849 0.020688
0 0.390051 0.258343 0.0224893 0.0279744
0 0.389314 0.25132 0.0194638 0.023496
0 0.385912 0.254532 0.0270284 0.0282356
0 0.394346 0.261624 0.0173984 0.0187097
0 0.385238 0.249504 0.104118 0.231698
0 0.386882 0.278211 0.077031 0.165631
0 0.388479 0.250972 0.0162059 0.03953
0 0.395014 0.253337 0.0156442 0.0151777
0 0.383211 0.263033 0.0302573 0.0324073
0 0.39383 0.281958 0.224897 0.563917
0 0.387235 0.250738 0.0181869 0.0172154
0 0.394606 0.283325 0.533449 0.56665
0 0.390855 0.246848 0.0642047 0.0889611
0 0.383391 0.258986 0.0602901 0.0740394
0 0.342529 0.242619 0.257704 0.485238
0 0.364785 0.2304 0.0694104 0.0843225
0 0.122122 0.235532 0.0187554 0.0469926
0 0.394163 0.259319 0.0128502 0.0182669
0 0.40017 0.289095 0.0584364 0.1628
