0 0.696363 0.35637 0.0186791 0.0255219
0 0.692568 0.356176 0.0135781 0.0221316
0 0.692373 0.353951 0.0194434 0.0281511
0 0.69945 0.355513 0.0218182 0.0321939
0 0.687658 0.352908 0.0880321 0.180791
0 0.694897 0.346444 0.0222847 0.0411611
0 0.694001 0.354605 0.228369 0.560704
0 0.692243 0.360064 0.064906 0.0721295
0 0.699622 0.361856 0.522952 0.565666
0 0.113776 0.743798 0.11001 0.0671349
0 0.117241 0.74644 0.0828499 0.0996348
0 0.682648 0.349302 0.0315152 0.03613
0 0.884623 0.519605 0.0453055 0.0898802
0 0.69908 0.360441 0.0155329 0.0302089
0 0.704095 0.3736 0.0552473 0.0914174
0 0.879239 0.522897 0.0701203 0.0537596
0 0.691764 0.351443 0.0153735 0.0170183
0 0.0325882 1 0.0651764 0
0 0.6867 0.919669 0.0789949 0.0927238
0 0.691594 0.350661 0.011413 0.023437
0 0.696177 0.859907 0.172782 0.280186
