0 0.46989 0.299423 0.020312 0.0216716
0 0.468603 0.305261 0.0154371 0.0276836
0 0.466488 0.295528 0.0160071 0.0151896
0 0.463773 0.310819 0.0723725 0.14265
0 0.461178 0.286227 0.0930129 0.191213
0 0.466506 0.294436 0.0134698 0.0227461
0 0.479208 0.29148 0.0853085 0.166772
0 0.4633 0.304658 0.0644658 0.0680666
0 0.443723 0.316742 0.218835 0.466716
0 0.447785 0.320789 0.570296 0.593024
0 0.490074 0.311993 0.209904 0.601013
0 0.458004 0.302281 0.0365513 0.0362917
0 0.45745 0.289601 0.0350829 0.0361163
0 0.461158 0.29007 0.085281 0.094876
0 0.458439 0.305501 0.0251316 0.0453658
