0 0.228785 0.286997 0.0196159 0.0248031
0 0.231542 0.282427 0.0202883 0.0207324
0 0.233171 0.288386 0.0986335 0.226191
0 0.227882 0.287163 0.0257561 0.0341651
0 0.22957 0.276315 0.0221651 0.0450063
0 0.194891 0.28281 0.2495 0.555045
0 0.217403 0.288209 0.0556149 0.0752512
0 0.235314 0.316485 0.470629 0.63297
0 0.242148 0.321029 0.216967 0.642058
0 0.231015 0.305078 0.0581782 0.127526
0 0.232141 0.284757 0.0173609 0.0135645
0 0.241171 0.285297 0.0226604 0.0433249
0 0.233332 0.281021 0.0175069 0.0141173
