0 0.719175 0.331101 0.0128312 0.0142204
0 0.66464 0.531708 0.0124723 0.015589
0 0.665021 0.531249 0.0202609 0.0243981
0 0.719197 0.330153 0.0200174 0.0234411
0 0.718665 0.335992 0.0107385 0.023551
0 0.717027 0.327215 0.0118062 0.010307
0 0.717036 0.326603 0.0100777 0.0156233
0 0.716104 0.33616 0.0109347 0.017184
0 0.716398 0.325306 0.0155233 0.0161226
0 0.711515 0.329569 0.0925938 0.167358
0 0.717315 0.321815 0.0240234 0.0253374
0 0.659167 0.52167 0.10415 0.179109
0 0.66957 0.532869 0.0138033 0.0151123
0 0.669592 0.537231 0.0133378 0.0156103
0 0.661336 0.544596 0.0835664 0.136063
0 0.658693 0.52361 0.0274172 0.0278877
0 0.658191 0.534509 0.0300712 0.0301963
0 0.653086 0.535004 0.0607839 0.0592478
0 0.642269 0.54712 0.231932 0.469171
0 0.649247 0.555504 0.54215 0.501578
0 0.69469 0.299776 0.242902 0.47795
0 0.710665 0.319974 0.0638967 0.063396
0 0.669746 0.532814 0.0549758 0.057589
0 0.694588 0.302431 0.526455 0.544018
0 0.66428 0.522006 0.014905 0.018894
0 0.69143 0.544227 0.213512 0.520813
0 0.0316037 1 0.0632074 0
0 0.670319 0.526495 0.0144692 0.0139515
0 0.655469 0.516886 0.0684294 0.0662362
0 0.7238 0.339526 0.0556923 0.0553374
0 0.743799 0.29676 0.220639 0.570012
0 0.0374556 1 0.0749112 0
0 0.285771 0.488599 0.0729602 0.063751
0 0.707303 0.324574 0.0302638 0.0312951
0 0.725082 0.333067 0.0223401 0.0354428
0 0.701866 0.341827 0.0676882 0.0606313
0 0.287999 0.483361 0.249386 0.552382
0 0.666835 0.539855 0.0103676 0.0267293
0 0.059509 1 0.106408 0
0 0.297481 0.495052 0.483781 0.509763
0 0.711787 0.344974 0.0506226 0.0896887
