0 0.254242 0.135396 0.0215156 0.0112024
0 0.256857 0.135225 0.0185816 0.0173401
0 0.254814 0.134778 0.0264254 0.0227757
0 0.257136 0.131403 0.0229863 0.0144022
0 0.256751 0.134824 0.0295791 0.013596
0 0.71324 0.393869 0.033086 0.0369027
0 0.258852 0.152632 0.0770763 0.170206
0 0.245912 0.140452 0.0599413 0.0692626
0 0.242222 0.219339 0.232796 0.438678
0 0.259739 0.233262 0.519479 0.466524
0 0.276659 0.145448 0.0625197 0.0712332
0 0.378679 0.634078 0.0315154 0.0452825
0 0.243364 0.1177 0.0792593 0.188776
0 0.245223 0.145439 0.0563118 0.143905
0 0.407148 0.635722 0.034272 0.0446999
0 0.70344 0.385985 0.0639165 0.0753088
0 0.693491 0.371233 0.248246 0.571782
0 0.694383 0.380242 0.557392 0.623623
0 0.711008 0.402892 0.0716341 0.115242
0 0.331612 0.151577 0.0334012 0.0386597
0 0.494111 0.0523558 0.00958234 0.0247006
0 0.427427 0.636558 0.0386462 0.0502132
0 0.267467 0.138513 0.0266831 0.0393395
0 0.739406 0.137018 0.521187 0.274036
0 0.269452 0.701477 0.0216796 0.0341042
0 0.103888 0.101069 0.0213503 0.0207882
0 0.250069 0.122326 0.0726521 0.07916
0 0.50016 0.0495589 0.00997084 0.0250121
0 0.359921 0.634551 0.0296284 0.0387371
0 0.250839 0.948031 0.0134046 0.0150489
0 0.75411 0.234481 0.0258629 0.0419108
